tiempo_espera %clientes_declinan %cajero0 %cajero1 %cajero2 %cajero3
5.323607427055703 13.13364055299539 21.041666666666668 21.666666666666668 22.708333333333332 23.541666666666668
5.9867724867724865 18.181818181818183 20.416666666666668 21.458333333333332 22.5 21.666666666666668
5.575268817204301 17.516629711751662 20.0 20.625 22.083333333333332 23.333333333333332
7.03957783641161 19.017094017094017 20.416666666666668 20.625 22.083333333333332 21.458333333333332
4.963254593175853 17.532467532467532 20.416666666666668 22.083333333333332 21.875 21.666666666666668
7.089473684210526 23.694779116465863 20.208333333333332 20.833333333333336 21.25 21.666666666666668
6.887434554973822 18.72340425531915 20.208333333333332 21.25 20.625 20.625
7.693121693121693 17.46724890829694 20.833333333333336 20.0 20.416666666666668 20.416666666666668
4.8693333333333335 12.177985948477751 20.625 21.875 23.333333333333332 23.333333333333332
5.214099216710183 17.811158798283262 21.041666666666668 20.416666666666668 20.833333333333336 21.25
6.301298701298701 21.10655737704918 20.208333333333332 21.041666666666668 21.458333333333332 21.875
5.732984293193717 25.244618395303327 21.041666666666668 20.416666666666668 20.833333333333336 21.25
5.852631578947369 21.487603305785125 20.625 20.416666666666668 22.291666666666668 21.458333333333332
8.071052631578947 21.649484536082475 20.208333333333332 20.208333333333332 21.458333333333332 20.208333333333332
5.3569553805774275 20.45929018789144 20.833333333333336 20.625 20.833333333333336 21.666666666666668
5.537037037037037 18.181818181818183 20.416666666666668 21.25 20.416666666666668 21.666666666666668
6.8 19.831223628691983 20.208333333333332 20.833333333333336 20.833333333333336 21.041666666666668
6.141711229946524 20.59447983014862 21.25 21.25 22.5 22.708333333333332
5.794805194805194 21.906693711967545 21.041666666666668 21.041666666666668 21.041666666666668 21.458333333333332
6.364116094986807 19.361702127659576 19.375 20.416666666666668 21.25 20.833333333333336
7.6266318537859 23.856858846918488 20.833333333333336 20.625 21.041666666666668 21.25
6.672774869109948 18.895966029723994 20.0 21.25 20.625 21.458333333333332
5.959785522788204 16.926503340757236 20.0 20.625 21.666666666666668 23.541666666666668
7.082010582010582 20.920502092050206 20.833333333333336 20.208333333333332 21.041666666666668 20.416666666666668
6.718085106382978 13.163972286374134 20.833333333333336 20.416666666666668 20.833333333333336 22.291666666666668
6.36968085106383 12.354312354312354 20.833333333333336 20.625 21.666666666666668 21.666666666666668
6.424870466321243 16.630669546436287 20.833333333333336 21.25 20.833333333333336 21.25
6.509186351706036 22.718052738336713 20.208333333333332 20.208333333333332 19.791666666666664 19.791666666666664
5.0186170212765955 16.258351893095767 20.625 21.666666666666668 21.458333333333332 22.5
5.045333333333334 16.294642857142858 20.625 21.666666666666668 23.75 23.125
6.282321899736147 18.318965517241377 19.791666666666664 21.041666666666668 21.666666666666668 22.916666666666664
5.437665782493369 19.271948608137045 21.25 21.666666666666668 21.25 21.458333333333332
6.69109947643979 18.201284796573873 20.625 20.833333333333336 20.208333333333332 21.458333333333332
5.317460317460317 15.625 20.208333333333332 20.416666666666668 20.833333333333336 20.0
5.137203166226913 24.2 20.625 21.041666666666668 22.083333333333332 21.666666666666668
5.722666666666667 17.218543046357617 20.208333333333332 20.416666666666668 20.625 21.041666666666668
4.729658792650919 21.443298969072163 21.041666666666668 21.25 20.416666666666668 20.833333333333336
5.79155672823219 20.042194092827003 20.0 20.416666666666668 20.625 20.625
7.8556430446194225 15.70796460176991 20.416666666666668 20.0 20.625 21.666666666666668
5.1328125 16.52173913043478 20.833333333333336 20.625 21.25 21.041666666666668
5.514588859416445 18.398268398268396 20.625 20.625 21.666666666666668 21.458333333333332
6.66490765171504 14.831460674157304 19.791666666666664 20.416666666666668 20.833333333333336 21.041666666666668
5.493368700265252 21.12970711297071 20.625 20.0 20.625 20.416666666666668
5.8433420365535245 16.192560175054705 20.416666666666668 21.041666666666668 20.625 21.25
5.320413436692506 19.206680584551147 19.791666666666664 20.416666666666668 21.25 20.625
7.175066312997347 22.587268993839835 20.208333333333332 20.833333333333336 20.625 21.25
4.7994652406417115 17.802197802197803 20.416666666666668 20.416666666666668 20.625 22.291666666666668
5.1246684350132625 18.57451403887689 20.416666666666668 20.625 20.208333333333332 21.25
4.8514588859416445 19.616204690831555 20.208333333333332 20.833333333333336 20.625 21.458333333333332
3.926121372031662 20.210526315789473 21.041666666666668 21.041666666666668 22.708333333333332 22.5
5.543307086614173 17.71058315334773 20.833333333333336 20.416666666666668 21.666666666666668 20.625
5.552356020942408 16.775599128540307 20.208333333333332 20.625 21.25 21.041666666666668
6.181818181818182 17.982456140350877 20.0 21.25 21.458333333333332 22.5
4.563492063492063 16.740088105726873 20.0 20.625 21.458333333333332 21.875
7.053050397877984 18.75 20.0 20.416666666666668 20.625 21.041666666666668
6.095744680851064 20.842105263157894 20.416666666666668 19.791666666666664 20.833333333333336 21.25
4.966057441253263 20.867768595041323 20.625 19.791666666666664 19.791666666666664 20.416666666666668
4.634666666666667 14.772727272727273 21.041666666666668 21.666666666666668 20.416666666666668 23.958333333333336
6.489583333333333 21.311475409836063 20.0 21.041666666666668 20.416666666666668 22.083333333333332
5.708222811671088 21.458333333333332 20.625 20.0 20.625 20.625
6.471204188481676 15.11111111111111 20.625 21.458333333333332 22.708333333333332 22.5
7.895833333333333 23.200000000000003 20.416666666666668 20.833333333333336 21.25 21.041666666666668
4.923482849604222 20.3781512605042 19.583333333333332 20.625 20.833333333333336 21.041666666666668
6.897905759162303 18.550106609808104 20.833333333333336 21.25 21.25 21.458333333333332
7.4 24.0 20.0 20.0 20.416666666666668 20.625
4.8514588859416445 16.96035242290749 20.208333333333332 20.833333333333336 21.875 22.083333333333332
5.651715039577836 11.655011655011654 20.208333333333332 21.25 22.5 23.75
6.997326203208556 22.40663900414938 20.208333333333332 20.625 21.041666666666668 21.666666666666668
6.690666666666667 22.99794661190965 19.791666666666664 20.0 19.791666666666664 20.625
6.609625668449198 15.384615384615385 21.041666666666668 19.791666666666664 21.875 21.041666666666668
5.042328042328043 20.754716981132077 20.625 21.041666666666668 20.833333333333336 22.291666666666668
7.23404255319149 24.346076458752517 20.0 20.625 20.625 20.416666666666668
6.997395833333333 19.157894736842103 20.416666666666668 20.208333333333332 19.791666666666664 20.416666666666668
8.413793103448276 22.268041237113405 20.0 20.208333333333332 20.208333333333332 21.25
5.4135135135135135 13.953488372093023 20.833333333333336 21.25 22.5 23.541666666666668
6.4986807387862795 18.494623655913976 20.208333333333332 20.208333333333332 20.208333333333332 19.583333333333332
4.605744125326371 20.208333333333332 19.791666666666664 20.208333333333332 21.041666666666668 20.416666666666668
7.481578947368421 20.997920997921 20.0 20.208333333333332 20.0 20.416666666666668
6.323607427055703 15.090090090090092 20.625 20.625 21.25 21.666666666666668
5.507978723404255 10.26252983293556 20.625 22.083333333333332 23.125 23.333333333333332
5.560723514211887 20.37037037037037 20.0 21.041666666666668 20.0 20.208333333333332
6.529255319148936 18.082788671023962 20.416666666666668 20.625 19.791666666666664 20.416666666666668
7.853018372703412 27.151051625239003 20.208333333333332 20.208333333333332 20.416666666666668 20.208333333333332
6.905913978494624 13.286713286713287 20.833333333333336 19.791666666666664 21.25 21.666666666666668
6.130890052356021 22.983870967741936 21.041666666666668 21.25 22.708333333333332 23.125
6.421333333333333 23.625254582484725 19.583333333333332 20.0 20.625 20.0
4.828125 13.31828442437923 20.416666666666668 21.875 20.833333333333336 21.666666666666668
6.054830287206267 26.76864244741874 21.25 19.375 20.416666666666668 21.25
6.118421052631579 21.487603305785125 20.0 20.416666666666668 19.791666666666664 21.666666666666668
5.5809018567639255 17.505470459518598 20.416666666666668 20.208333333333332 20.208333333333332 20.416666666666668
6.781002638522428 18.318965517241377 20.0 20.416666666666668 20.625 21.041666666666668
5.2063492063492065 16.55629139072848 19.791666666666664 20.416666666666668 21.458333333333332 21.25
7.372654155495979 23.565573770491806 19.791666666666664 21.041666666666668 20.416666666666668 21.875
5.624338624338624 21.08559498956159 20.833333333333336 20.208333333333332 20.208333333333332 19.375
5.005235602094241 15.673289183222957 20.416666666666668 20.833333333333336 20.208333333333332 20.625
4.254641909814324 17.86492374727669 20.208333333333332 20.833333333333336 20.625 21.25
4.689008042895442 14.449541284403669 21.458333333333332 22.291666666666668 22.083333333333332 23.75
6.379310344827586 23.52941176470588 20.416666666666668 20.833333333333336 20.833333333333336 21.041666666666668
7.860158311345646 19.53290870488323 18.958333333333332 20.416666666666668 20.208333333333332 20.208333333333332
6.635170603674541 19.45031712473573 20.833333333333336 21.25 20.416666666666668 20.833333333333336
4.476315789473684 20.0 20.416666666666668 20.833333333333336 21.666666666666668 21.875
6.312997347480106 21.458333333333332 20.625 20.625 21.25 22.083333333333332
6.6266318537859 18.683651804670912 20.208333333333332 20.625 19.791666666666664 20.416666666666668
5.3430079155672825 25.540275049115913 20.208333333333332 20.0 20.0 20.833333333333336
6.512064343163539 17.660044150110377 20.833333333333336 21.25 22.291666666666668 21.458333333333332
5.3201058201058204 20.253164556962027 20.625 21.458333333333332 21.041666666666668 24.583333333333332
7.140161725067386 27.111984282907663 20.833333333333336 21.25 21.666666666666668 23.75
6.159151193633952 20.964360587002094 19.791666666666664 20.208333333333332 20.416666666666668 20.625
6.973753280839895 20.125786163522015 20.208333333333332 20.416666666666668 20.416666666666668 20.833333333333336
7.832474226804123 21.29817444219067 20.833333333333336 21.25 21.041666666666668 21.041666666666668
4.383977900552487 15.813953488372093 21.666666666666668 21.458333333333332 23.541666666666668 26.25
6.4188481675392675 21.560574948665298 20.625 20.416666666666668 21.041666666666668 20.833333333333336
5.802631578947368 19.148936170212767 20.0 21.875 21.041666666666668 22.083333333333332
6.970822281167108 25.198412698412696 20.0 19.791666666666664 20.833333333333336 21.875
6.27720207253886 14.977973568281937 20.0 21.041666666666668 21.458333333333332 21.458333333333332
5.732620320855615 18.872017353579178 21.458333333333332 20.416666666666668 22.5 21.666666666666668
7.35904255319149 19.48608137044968 20.208333333333332 20.625 20.208333333333332 20.833333333333336
5.110526315789474 22.131147540983605 20.625 20.416666666666668 20.625 21.041666666666668
6.880952380952381 18.53448275862069 20.0 20.208333333333332 20.0 20.833333333333336
6.285714285714286 26.459143968871597 20.416666666666668 20.625 21.041666666666668 21.666666666666668
7.026737967914438 17.802197802197803 20.625 20.416666666666668 22.5 21.666666666666668
6.908376963350785 22.35772357723577 20.416666666666668 20.416666666666668 20.625 20.625
4.945652173913044 7.769423558897243 20.833333333333336 21.458333333333332 22.916666666666664 25.416666666666664
6.875661375661376 14.285714285714285 20.625 20.416666666666668 21.25 22.291666666666668
6.7851458885941645 16.96035242290749 20.208333333333332 20.416666666666668 20.833333333333336 20.208333333333332
5.679144385026738 18.161925601750546 20.416666666666668 21.041666666666668 21.041666666666668 21.666666666666668
4.915567282321899 18.669527896995707 20.416666666666668 20.416666666666668 20.833333333333336 21.041666666666668
3.9592391304347827 14.219114219114218 20.625 22.5 23.958333333333336 24.791666666666668
5.721354166666667 18.816067653276956 20.833333333333336 20.208333333333332 20.208333333333332 20.416666666666668
5.95 20.168067226890756 21.041666666666668 20.625 21.041666666666668 22.291666666666668
6.856770833333333 20.33195020746888 20.416666666666668 20.833333333333336 21.458333333333332 21.25
5.348404255319149 19.313304721030043 20.208333333333332 20.625 20.833333333333336 21.458333333333332
4.939313984168866 19.53290870488323 20.208333333333332 20.416666666666668 20.625 21.458333333333332
4.447368421052632 19.148936170212767 20.208333333333332 21.041666666666668 21.041666666666668 21.666666666666668
6.321808510638298 11.943793911007026 20.0 20.625 20.625 20.833333333333336
6.031331592689295 16.73913043478261 20.833333333333336 20.833333333333336 20.208333333333332 20.625
5.773333333333333 16.481069042316257 20.833333333333336 20.833333333333336 21.25 20.625
4.963350785340314 22.983870967741936 21.041666666666668 21.25 21.25 22.708333333333332
6.551724137931035 23.3739837398374 19.791666666666664 20.0 20.625 20.625
6.455263157894737 20.168067226890756 21.25 21.25 22.708333333333332 23.333333333333332
5.994778067885117 16.73913043478261 20.416666666666668 20.208333333333332 21.666666666666668 21.875
6.444444444444445 23.481781376518217 20.625 20.208333333333332 21.041666666666668 21.875
4.781333333333333 11.347517730496454 20.625 20.833333333333336 22.083333333333332 23.75
7.0890052356020945 22.35772357723577 20.833333333333336 20.416666666666668 21.458333333333332 21.041666666666668
6.699208443271768 18.142548596112313 20.208333333333332 20.0 20.208333333333332 20.208333333333332
5.9246753246753245 18.259023354564754 20.625 20.625 20.625 20.625
6.310344827586207 20.964360587002094 20.0 20.0 20.208333333333332 20.833333333333336
6.309711286089239 20.292887029288703 20.208333333333332 20.416666666666668 20.416666666666668 20.833333333333336
7.097112860892389 20.125786163522015 21.458333333333332 20.833333333333336 21.25 23.333333333333332
4.194225721784777 13.013698630136986 20.416666666666668 21.25 22.291666666666668 23.75
7.342105263157895 17.570498915401302 20.416666666666668 21.25 20.833333333333336 21.25
5.002604166666667 18.9873417721519 20.208333333333332 20.0 20.625 20.0
5.522546419098143 29.001883239171374 20.833333333333336 21.041666666666668 20.833333333333336 21.041666666666668
7.321899736147757 18.142548596112313 20.208333333333332 20.0 21.041666666666668 21.458333333333332
6.881266490765172 20.210526315789473 21.25 20.0 20.833333333333336 21.25
5.273684210526316 18.27956989247312 19.791666666666664 20.625 20.208333333333332 20.833333333333336
4.71578947368421 19.831223628691983 20.208333333333332 21.25 20.416666666666668 21.041666666666668
6.096 21.052631578947366 21.458333333333332 22.083333333333332 22.083333333333332 22.291666666666668
7.339522546419098 23.684210526315788 20.0 20.0 20.0 20.208333333333332
6.296103896103896 16.666666666666664 20.416666666666668 20.208333333333332 20.625 20.416666666666668
5.333333333333333 20.382165605095544 20.0 19.791666666666664 20.208333333333332 22.291666666666668
6.836898395721925 20.085470085470085 20.416666666666668 21.25 21.041666666666668 22.708333333333332
6.9736147757255935 20.876826722338205 19.791666666666664 20.416666666666668 20.625 20.833333333333336
7.578125 21.472392638036812 20.625 20.208333333333332 20.833333333333336 21.458333333333332
4.167539267015707 19.06779661016949 21.041666666666668 20.416666666666668 20.208333333333332 20.208333333333332
7.1386666666666665 19.700214132762312 20.416666666666668 20.625 21.25 23.125
7.0 23.694779116465863 20.0 19.791666666666664 20.208333333333332 20.625
5.680851063829787 19.13978494623656 20.416666666666668 20.416666666666668 22.083333333333332 22.083333333333332
6.775725593667546 21.532091097308488 20.625 21.041666666666668 21.875 20.833333333333336
6.168449197860962 23.36065573770492 20.625 20.0 20.208333333333332 21.458333333333332
6.414698162729659 20.95435684647303 20.416666666666668 21.041666666666668 21.041666666666668 22.083333333333332
6.301047120418848 21.237113402061855 20.625 19.791666666666664 21.25 20.625
7.4934383202099735 18.93617021276596 20.0 20.416666666666668 20.625 21.25
6.091152815013404 16.926503340757236 20.208333333333332 21.458333333333332 22.5 22.083333333333332
6.371352785145889 19.098712446351932 19.791666666666664 21.25 22.5 21.875
5.422976501305483 17.45689655172414 20.208333333333332 20.208333333333332 20.625 21.041666666666668
7.4668435013262595 18.398268398268396 20.208333333333332 21.041666666666668 20.625 20.416666666666668
6.559366754617415 19.873150105708245 20.625 19.791666666666664 20.625 21.041666666666668
6.701846965699208 23.434343434343436 20.0 21.041666666666668 21.458333333333332 20.416666666666668
6.219321148825065 19.027484143763214 20.833333333333336 20.0 21.25 21.666666666666668
5.242105263157895 20.997920997921 20.416666666666668 21.458333333333332 20.625 21.666666666666668
6.662269129287599 17.067833698030636 20.416666666666668 20.0 20.625 21.666666666666668
5.5942408376963355 14.349775784753364 20.625 20.833333333333336 21.041666666666668 21.25
6.116279069767442 14.757709251101323 20.208333333333332 21.25 20.833333333333336 21.458333333333332
6.846965699208443 17.067833698030636 20.208333333333332 20.833333333333336 21.041666666666668 20.833333333333336
5.105540897097625 14.63963963963964 20.416666666666668 20.625 20.625 21.25
4.086720867208672 20.12987012987013 20.208333333333332 21.666666666666668 20.833333333333336 21.875
5.650793650793651 17.46724890829694 20.416666666666668 20.208333333333332 20.208333333333332 20.416666666666668
7.307486631016043 20.255863539445627 20.416666666666668 21.458333333333332 20.833333333333336 21.458333333333332
4.973118279569892 18.06167400881057 20.625 20.833333333333336 21.458333333333332 23.125
5.794270833333333 15.2317880794702 21.041666666666668 20.833333333333336 20.833333333333336 22.5
6.427055702917772 20.964360587002094 20.208333333333332 20.0 19.583333333333332 20.833333333333336
6.99468085106383 19.48608137044968 20.625 21.25 21.25 23.125
8.074666666666667 24.089068825910932 20.416666666666668 21.041666666666668 22.083333333333332 23.541666666666668
4.721784776902887 13.211845102505695 21.041666666666668 21.25 21.25 22.5
6.225201072386059 17.841409691629956 20.0 21.458333333333332 21.875 23.541666666666668
5.921409214092141 18.722466960352424 21.25 21.875 22.291666666666668 23.541666666666668
7.20997375328084 23.340040241448694 20.0 20.208333333333332 20.625 21.041666666666668
6.010554089709762 15.401785714285715 19.791666666666664 20.625 20.208333333333332 21.25
5.71505376344086 17.516629711751662 20.833333333333336 21.25 21.875 22.708333333333332
6.5661375661375665 19.745222929936308 20.416666666666668 21.458333333333332 21.875 22.708333333333332
5.540682414698162 23.647294589178355 20.416666666666668 20.208333333333332 20.416666666666668 20.208333333333332
5.239473684210527 17.03056768558952 21.25 21.25 20.833333333333336 22.291666666666668
6.984293193717278 20.250521920668056 20.0 20.833333333333336 20.416666666666668 20.0
5.527851458885942 13.333333333333334 20.833333333333336 22.083333333333332 21.875 21.875
5.005291005291006 23.481781376518217 20.208333333333332 20.208333333333332 21.25 21.458333333333332
5.356020942408377 17.8494623655914 20.208333333333332 20.208333333333332 20.625 20.416666666666668
7.532299741602067 20.37037037037037 20.416666666666668 20.625 21.25 21.458333333333332
5.418230563002681 19.95708154506438 20.625 20.833333333333336 21.666666666666668 23.958333333333336
4.920634920634921 19.402985074626866 19.583333333333332 19.791666666666664 20.416666666666668 20.625
7.731578947368421 21.810699588477366 20.833333333333336 21.041666666666668 20.625 20.625
5.716931216931217 16.740088105726873 20.208333333333332 19.791666666666664 20.416666666666668 20.625
5.267015706806283 10.74766355140187 20.833333333333336 20.0 19.791666666666664 22.083333333333332
7.0 15.70796460176991 20.625 20.416666666666668 21.25 21.041666666666668
6.412532637075718 19.198312236286917 20.208333333333332 20.625 20.625 20.208333333333332
6.11968085106383 12.354312354312354 19.791666666666664 20.625 22.083333333333332 22.291666666666668
5.69811320754717 13.921113689095128 20.208333333333332 21.666666666666668 22.083333333333332 23.75
5.648 23.625254582484725 20.208333333333332 20.625 20.625 20.416666666666668
7.4934383202099735 21.765913757700204 20.416666666666668 20.833333333333336 20.208333333333332 21.25
7.005434782608695 18.403547671840354 21.458333333333332 22.708333333333332 22.083333333333332 21.875
6.682539682539683 24.4 20.208333333333332 20.625 20.416666666666668 20.416666666666668
5.444444444444445 18.181818181818183 20.0 19.583333333333332 20.0 20.625
4.811671087533156 21.458333333333332 20.208333333333332 20.416666666666668 19.791666666666664 20.625
6.645502645502646 22.061855670103093 20.416666666666668 20.0 20.416666666666668 20.416666666666668
7.315508021390374 21.920668058455114 21.666666666666668 21.875 23.958333333333336 23.958333333333336
6.240105540897098 16.519823788546255 20.208333333333332 20.208333333333332 20.625 20.833333333333336
5.800524934383202 14.76510067114094 20.0 20.208333333333332 21.458333333333332 20.833333333333336
7.630606860158311 21.369294605809127 21.041666666666668 22.291666666666668 22.083333333333332 22.708333333333332
5.96578947368421 16.849015317286653 20.833333333333336 20.833333333333336 21.25 21.875
6.981627296587926 18.58974358974359 19.791666666666664 20.625 20.416666666666668 20.208333333333332
5.517060367454068 22.244897959183675 20.416666666666668 20.625 20.416666666666668 20.0
4.133858267716535 15.333333333333332 20.416666666666668 19.791666666666664 20.833333333333336 21.875
6.906666666666666 20.88607594936709 19.583333333333332 20.208333333333332 20.625 20.208333333333332
7.339572192513369 19.914346895074946 20.833333333333336 21.041666666666668 21.041666666666668 22.708333333333332
5.044736842105263 22.920892494929006 20.208333333333332 20.0 20.625 20.416666666666668
5.913157894736842 23.232323232323232 20.208333333333332 19.791666666666664 20.416666666666668 20.625
4.3046875 20.16632016632017 20.416666666666668 21.041666666666668 20.625 21.041666666666668
7.6710875331564985 19.957537154989385 20.208333333333332 20.208333333333332 21.041666666666668 21.25
5.868279569892473 15.068493150684931 20.416666666666668 20.833333333333336 20.416666666666668 21.458333333333332
7.755263157894737 24.45328031809145 20.208333333333332 20.0 20.0 21.041666666666668
5.087071240105541 21.694214876033058 20.416666666666668 20.625 20.833333333333336 20.416666666666668
6.35904255319149 21.50313152400835 20.833333333333336 21.458333333333332 21.875 21.666666666666668
6.816 17.582417582417584 19.583333333333332 20.0 19.791666666666664 21.041666666666668
4.246719160104987 21.765913757700204 20.625 21.25 21.041666666666668 21.666666666666668
4.7238605898123325 17.660044150110377 20.833333333333336 20.416666666666668 21.458333333333332 22.708333333333332
5.970744680851064 20.0 20.833333333333336 21.458333333333332 20.833333333333336 21.666666666666668
7.48051948051948 22.06477732793522 20.416666666666668 20.0 20.416666666666668 20.0
6.420212765957447 21.82952182952183 20.208333333333332 20.833333333333336 20.625 21.666666666666668
7.31283422459893 18.161925601750546 20.416666666666668 19.166666666666668 20.416666666666668 20.208333333333332
7.5476190476190474 25.14851485148515 19.791666666666664 20.0 20.625 20.833333333333336
4.783068783068783 16.371681415929203 20.833333333333336 20.208333333333332 20.208333333333332 20.208333333333332
4.5611702127659575 24.9500998003992 19.583333333333332 19.375 20.416666666666668 20.833333333333336
6.234666666666667 18.30065359477124 21.458333333333332 21.458333333333332 22.291666666666668 23.541666666666668
6.456185567010309 14.725274725274726 20.208333333333332 20.416666666666668 21.458333333333332 20.625
5.5 19.48608137044968 20.0 21.25 21.25 22.291666666666668
6.111111111111111 22.699386503067483 20.833333333333336 20.0 20.416666666666668 20.208333333333332
5.623684210526315 16.666666666666664 20.625 21.25 20.416666666666668 20.833333333333336
5.589333333333333 14.187643020594965 21.041666666666668 20.833333333333336 23.958333333333336 25.208333333333332
8.021220159151193 25.787401574803148 20.208333333333332 20.833333333333336 20.625 20.833333333333336
7.174479166666667 21.149897330595483 19.791666666666664 20.208333333333332 20.625 21.041666666666668
5.89247311827957 16.778523489932887 19.791666666666664 21.875 22.083333333333332 24.166666666666668
7.274666666666667 19.35483870967742 19.791666666666664 21.25 21.041666666666668 21.041666666666668
7.511811023622047 25.294117647058822 20.625 21.041666666666668 21.041666666666668 20.208333333333332
5.729946524064171 17.073170731707318 21.666666666666668 21.458333333333332 21.458333333333332 23.125
7.6947368421052635 22.131147540983605 20.833333333333336 21.458333333333332 21.666666666666668 23.541666666666668
7.2356020942408374 23.446893787575153 20.416666666666668 19.791666666666664 21.25 21.041666666666668
5.485175202156334 20.556745182012847 20.625 20.833333333333336 21.666666666666668 22.5
5.669354838709677 20.51282051282051 20.208333333333332 20.416666666666668 21.25 21.25
7.413157894736842 22.920892494929006 20.208333333333332 21.458333333333332 20.833333333333336 22.708333333333332
6.745454545454545 18.776371308016877 20.625 21.25 21.458333333333332 21.875
6.672823218997362 18.843683083511777 20.416666666666668 20.833333333333336 20.416666666666668 21.875
6.342931937172775 25.098039215686274 20.208333333333332 20.625 20.625 19.791666666666664
5.80106100795756 18.398268398268396 19.791666666666664 20.208333333333332 20.0 20.208333333333332
6.965699208443271 19.873150105708245 20.833333333333336 21.666666666666668 20.833333333333336 21.041666666666668
7.338666666666667 20.88607594936709 19.791666666666664 20.833333333333336 20.833333333333336 20.833333333333336
5.4884910485933505 16.274089935760173 21.041666666666668 20.625 21.041666666666668 21.25
5.458666666666667 14.578587699316628 20.208333333333332 20.416666666666668 20.833333333333336 22.5
5.480211081794195 19.53290870488323 19.583333333333332 20.416666666666668 21.041666666666668 20.208333333333332
4.741514360313316 21.836734693877553 20.208333333333332 21.041666666666668 21.041666666666668 20.208333333333332
6.053619302949062 16.741071428571427 20.416666666666668 20.416666666666668 22.083333333333332 25.208333333333332
5.039267015706806 16.593886462882097 20.416666666666668 20.416666666666668 20.625 20.625
5.7506561679790025 11.805555555555555 20.416666666666668 21.25 20.833333333333336 21.041666666666668
5.597368421052631 18.27956989247312 20.208333333333332 20.208333333333332 21.25 21.041666666666668
5.794117647058823 14.80637813211845 20.416666666666668 21.666666666666668 22.083333333333332 24.791666666666668
5.845945945945946 22.268907563025213 20.416666666666668 20.208333333333332 20.208333333333332 20.625
5.841397849462366 17.516629711751662 21.041666666666668 21.458333333333332 21.666666666666668 22.083333333333332
5.354666666666667 9.63855421686747 20.416666666666668 21.041666666666668 21.25 22.083333333333332
5.039370078740157 18.064516129032256 20.416666666666668 21.458333333333332 22.291666666666668 22.916666666666664
6.729658792650919 18.240343347639485 20.833333333333336 20.0 20.208333333333332 21.25
7.559366754617415 19.53290870488323 20.208333333333332 20.416666666666668 20.208333333333332 20.625
5.191489361702128 19.82942430703625 19.791666666666664 19.791666666666664 19.791666666666664 20.833333333333336
6.6587926509186355 20.125786163522015 20.625 19.791666666666664 20.625 21.25
5.739247311827957 18.599562363238512 20.0 20.0 20.625 22.291666666666668
6.358839050131926 19.361702127659576 20.208333333333332 20.625 20.625 21.458333333333332
6.464566929133858 16.812227074235807 20.0 20.416666666666668 20.625 20.833333333333336
5.443569553805775 19.95798319327731 20.208333333333332 19.791666666666664 20.0 20.208333333333332
7.63563829787234 23.421588594704684 20.833333333333336 20.208333333333332 21.041666666666668 20.833333333333336
5.842391304347826 15.011547344110854 21.25 22.291666666666668 24.375 26.25
5.37922077922078 17.381974248927037 20.416666666666668 20.416666666666668 20.416666666666668 20.625
7.39095744680851 18.614718614718615 20.208333333333332 21.041666666666668 20.416666666666668 21.25
4.7727272727272725 11.79245283018868 21.041666666666668 21.666666666666668 22.5 24.583333333333332
4.313471502590674 17.52136752136752 20.0 20.625 20.833333333333336 20.833333333333336
5.8921052631578945 22.448979591836736 20.416666666666668 20.833333333333336 20.833333333333336 21.25
7.669333333333333 20.212765957446805 21.25 20.625 22.708333333333332 22.083333333333332
6.110817941952506 15.777777777777777 20.625 20.416666666666668 20.416666666666668 21.041666666666668
5.062337662337662 17.558886509635975 20.0 20.625 20.208333333333332 21.666666666666668
7.0344827586206895 22.42798353909465 20.416666666666668 20.833333333333336 21.25 21.875
5.955380577427822 19.789473684210527 20.0 20.208333333333332 20.625 20.625
6.117333333333334 16.851441241685144 20.208333333333332 19.791666666666664 20.416666666666668 20.833333333333336
5.92 17.943107221006567 20.416666666666668 20.208333333333332 20.416666666666668 20.0
6.951871657754011 20.59447983014862 20.625 20.833333333333336 20.833333333333336 21.875
7.077519379844961 20.533880903490758 20.416666666666668 21.041666666666668 20.208333333333332 20.625
7.240105540897098 17.965367965367964 20.208333333333332 20.416666666666668 20.0 20.833333333333336
4.122715404699739 21.35523613963039 20.208333333333332 20.0 21.25 20.416666666666668
5.637333333333333 16.851441241685144 20.208333333333332 20.625 21.25 23.958333333333336
6.010554089709762 25.540275049115913 19.791666666666664 20.416666666666668 19.375 20.0
5.801587301587301 21.08559498956159 20.208333333333332 20.833333333333336 21.458333333333332 21.666666666666668
7.421052631578948 16.849015317286653 19.583333333333332 20.625 20.416666666666668 20.833333333333336
6.836021505376344 16.40449438202247 20.416666666666668 20.625 21.041666666666668 22.083333333333332
5.831550802139038 25.2 19.791666666666664 20.416666666666668 21.041666666666668 21.25
5.319148936170213 16.62971175166297 20.833333333333336 20.416666666666668 21.25 21.666666666666668
5.072 23.46938775510204 19.583333333333332 20.208333333333332 19.583333333333332 20.0
6.909090909090909 16.846652267818573 20.625 21.041666666666668 21.041666666666668 20.833333333333336
5.36604774535809 18.22125813449024 20.625 21.25 21.458333333333332 22.5
5.856 17.582417582417584 20.208333333333332 20.625 21.041666666666668 21.875
5.415094339622642 17.738359201773836 20.833333333333336 21.666666666666668 22.916666666666664 22.083333333333332
5.359459459459459 20.770877944325484 19.583333333333332 19.791666666666664 20.0 21.041666666666668
6.509234828496043 16.519823788546255 21.041666666666668 21.666666666666668 21.666666666666668 21.875
5.8921052631578945 15.929203539823009 20.416666666666668 20.625 20.833333333333336 21.25
7.113756613756614 21.25 20.208333333333332 20.416666666666668 21.25 19.583333333333332
5.778645833333333 17.062634989200866 19.791666666666664 20.625 20.833333333333336 23.125
5.656836461126005 19.95708154506438 20.208333333333332 20.416666666666668 20.833333333333336 20.208333333333332
5.805851063829787 17.180616740088105 21.041666666666668 20.208333333333332 20.416666666666668 21.666666666666668
5.58421052631579 20.668058455114824 20.0 20.0 20.208333333333332 20.208333333333332
5.835978835978836 20.920502092050206 20.625 20.625 21.041666666666668 20.625
4.610079575596817 19.957537154989385 20.208333333333332 19.791666666666664 20.208333333333332 21.041666666666668
6.876640419947506 18.064516129032256 21.25 20.416666666666668 20.416666666666668 20.625
5.7191601049868765 19.789473684210527 20.416666666666668 20.208333333333332 21.041666666666668 20.833333333333336
6.1306666666666665 13.594470046082948 20.833333333333336 20.0 21.25 21.25
7.146341463414634 18.0 20.416666666666668 20.833333333333336 23.333333333333332 24.791666666666668
5.7973684210526315 13.043478260869565 20.208333333333332 20.416666666666668 20.416666666666668 20.625
5.570291777188329 22.587268993839835 20.208333333333332 20.208333333333332 20.625 20.833333333333336
6.383419689119171 20.901639344262296 19.791666666666664 21.041666666666668 21.041666666666668 20.625
5.417098445595855 17.872340425531917 20.625 20.625 22.083333333333332 21.666666666666668
5.731070496083551 14.317673378076062 20.416666666666668 20.833333333333336 21.041666666666668 21.666666666666668
7.071240105540897 17.787418655097614 20.416666666666668 20.625 20.208333333333332 21.041666666666668
5.58994708994709 18.3585313174946 21.041666666666668 21.041666666666668 20.625 22.291666666666668
4.114973262032086 22.245322245322246 20.833333333333336 21.25 21.458333333333332 21.458333333333332
6.024128686327078 14.840182648401825 20.208333333333332 20.833333333333336 21.041666666666668 22.708333333333332
6.506666666666667 19.871794871794872 20.0 20.625 20.833333333333336 20.625
5.8766756032171585 19.612068965517242 20.208333333333332 20.625 21.666666666666668 23.125
6.249336870026525 16.96035242290749 19.791666666666664 20.625 20.0 21.25
6.039787798408488 10.874704491725769 21.666666666666668 22.708333333333332 23.333333333333332 23.958333333333336
6.410526315789474 22.290388548057262 20.208333333333332 20.625 20.416666666666668 20.416666666666668
5.5167095115681235 21.25506072874494 20.625 19.791666666666664 21.25 20.625
4.729442970822281 23.06122448979592 20.208333333333332 21.041666666666668 21.041666666666668 21.041666666666668
5.687002652519894 17.324561403508774 20.208333333333332 20.0 19.791666666666664 20.0
6.255263157894737 17.92656587473002 20.208333333333332 20.416666666666668 21.25 21.875
5.530503978779841 21.94616977225673 20.833333333333336 20.833333333333336 20.833333333333336 22.291666666666668
8.436507936507937 21.25 20.625 20.416666666666668 20.208333333333332 21.458333333333332
5.41578947368421 19.491525423728813 20.625 21.041666666666668 20.833333333333336 20.208333333333332
6.411290322580645 18.777292576419214 21.25 21.666666666666668 21.458333333333332 23.125
5.899728997289973 16.3265306122449 21.041666666666668 21.875 22.708333333333332 22.5
6.493368700265252 14.89841986455982 20.208333333333332 21.25 20.0 20.833333333333336
5.6710875331564985 17.142857142857142 20.416666666666668 21.041666666666668 21.25 21.458333333333332
4.9762532981530345 17.248908296943235 20.416666666666668 20.416666666666668 20.833333333333336 21.458333333333332
4.86578947368421 22.290388548057262 20.208333333333332 20.416666666666668 20.625 20.416666666666668
5.314666666666667 21.218487394957982 20.416666666666668 20.208333333333332 20.833333333333336 20.833333333333336
6.340482573726542 20.97457627118644 20.0 20.208333333333332 19.791666666666664 22.5
5.248 18.83116883116883 19.583333333333332 20.625 20.416666666666668 20.416666666666668
6.671916010498688 16.99346405228758 20.0 20.416666666666668 21.666666666666668 21.666666666666668
6.721925133689839 25.349301397205586 19.791666666666664 20.625 21.041666666666668 22.083333333333332
5.007853403141361 15.486725663716813 20.833333333333336 21.041666666666668 21.666666666666668 20.833333333333336
7.8465608465608465 21.413721413721415 19.583333333333332 20.0 20.625 21.25
7.0661375661375665 19.574468085106382 20.208333333333332 20.833333333333336 22.083333333333332 23.125
7.295514511873351 19.361702127659576 20.625 21.25 21.875 21.875
5.872679045092839 19.444444444444446 20.208333333333332 20.416666666666668 22.291666666666668 21.25
4.618666666666667 26.614481409001954 19.791666666666664 19.583333333333332 20.625 19.791666666666664
7.704485488126649 19.017094017094017 20.416666666666668 20.0 20.833333333333336 20.625
7.373684210526315 19.831223628691983 21.25 21.25 21.041666666666668 21.875
6.4511873350923485 18.318965517241377 20.416666666666668 20.625 21.666666666666668 21.458333333333332
5.713527851458886 11.91588785046729 19.791666666666664 19.791666666666664 20.416666666666668 21.458333333333332
4.7594594594594595 21.940928270042196 20.625 21.25 21.666666666666668 23.125
7.018421052631579 18.803418803418804 20.625 21.458333333333332 21.875 21.666666666666668
4.9646739130434785 21.030042918454935 20.416666666666668 21.25 22.708333333333332 23.541666666666668
6.561038961038961 17.558886509635975 20.416666666666668 20.625 20.625 21.666666666666668
5.195187165775401 17.439293598233995 20.625 21.666666666666668 22.708333333333332 22.708333333333332
5.808398950131234 23.799999999999997 21.458333333333332 21.25 20.833333333333336 22.291666666666668
7.498666666666667 17.763157894736842 20.208333333333332 21.041666666666668 20.625 20.833333333333336
5.661375661375661 20.920502092050206 20.0 20.625 20.833333333333336 21.666666666666668
7.010526315789473 14.606741573033707 20.0 20.625 20.416666666666668 20.625
5.443271767810026 14.831460674157304 20.625 22.5 22.916666666666664 23.75
5.637075718015666 19.027484143763214 20.208333333333332 20.416666666666668 20.833333333333336 21.458333333333332
6.652519893899204 21.29436325678497 20.0 21.041666666666668 20.208333333333332 20.833333333333336
4.675531914893617 20.0 19.791666666666664 20.208333333333332 20.833333333333336 21.458333333333332
6.537837837837838 17.040358744394617 20.208333333333332 20.833333333333336 21.458333333333332 21.458333333333332
6.013054830287206 24.606299212598426 20.625 20.625 20.833333333333336 21.458333333333332
6.465968586387435 13.963963963963963 20.416666666666668 20.833333333333336 21.041666666666668 21.458333333333332
6.158311345646438 27.2552783109405 20.416666666666668 20.833333333333336 21.25 21.458333333333332
6.201044386422977 13.73873873873874 20.416666666666668 21.25 21.875 22.083333333333332
5.226912928759894 16.150442477876105 20.416666666666668 20.208333333333332 20.625 21.666666666666668
6.284574468085107 18.96551724137931 20.416666666666668 19.791666666666664 20.0 19.791666666666664
6.261213720316623 22.33606557377049 20.0 20.833333333333336 20.833333333333336 21.041666666666668
6.335078534031414 18.37606837606838 20.625 20.833333333333336 21.041666666666668 20.625
8.617647058823529 22.727272727272727 20.625 20.416666666666668 20.625 20.416666666666668
6.6861702127659575 19.65811965811966 20.208333333333332 19.791666666666664 21.25 20.625
5.068965517241379 14.123006833712983 20.833333333333336 20.208333333333332 20.208333333333332 22.291666666666668
5.970744680851064 14.15525114155251 20.416666666666668 20.625 20.0 20.833333333333336
6.833333333333333 25.0 20.0 20.208333333333332 20.833333333333336 20.833333333333336
6.340314136125654 14.92204899777283 21.041666666666668 20.208333333333332 22.083333333333332 22.083333333333332
6.424083769633508 15.11111111111111 20.625 20.625 21.666666666666668 20.625
5.445652173913044 19.298245614035086 20.0 20.833333333333336 21.041666666666668 22.083333333333332
7.212435233160622 21.224489795918366 20.416666666666668 21.041666666666668 21.25 20.625
6.613756613756614 22.061855670103093 20.625 21.458333333333332 21.666666666666668 21.458333333333332
5.774535809018568 19.616204690831555 19.791666666666664 20.416666666666668 20.208333333333332 21.666666666666668
6.8373333333333335 19.527896995708154 20.833333333333336 20.833333333333336 20.625 21.666666666666668
6.105263157894737 16.666666666666664 21.041666666666668 21.25 21.25 22.083333333333332
3.924083769633508 13.769751693002258 20.416666666666668 21.25 20.625 21.25
4.883116883116883 18.085106382978726 20.208333333333332 20.0 20.625 20.0
6.111111111111111 13.895216400911162 20.0 20.833333333333336 21.25 20.833333333333336
6.871313672922252 19.78494623655914 19.791666666666664 20.833333333333336 20.416666666666668 20.833333333333336
5.192612137203167 18.318965517241377 20.0 20.833333333333336 21.041666666666668 21.041666666666668
7.176623376623376 21.428571428571427 20.833333333333336 21.041666666666668 20.833333333333336 21.875
6.807894736842106 15.178571428571427 20.0 21.25 21.25 21.666666666666668
5.337730870712401 13.863636363636363 20.208333333333332 20.208333333333332 20.208333333333332 20.208333333333332
8.916010498687664 28.383458646616543 19.791666666666664 20.833333333333336 20.416666666666668 20.416666666666668
7.775132275132275 21.90082644628099 20.416666666666668 20.0 20.833333333333336 21.25
7.901595744680851 24.8 20.416666666666668 20.833333333333336 20.833333333333336 20.833333333333336
7.641909814323608 23.991935483870968 20.0 21.041666666666668 21.875 20.625
6.939153439153439 22.699386503067483 20.625 20.833333333333336 20.833333333333336 21.25
5.557894736842106 22.131147540983605 20.625 20.833333333333336 21.875 21.25
7.158854166666667 21.792260692464357 21.041666666666668 20.625 20.416666666666668 21.041666666666668
5.342245989304812 12.616822429906541 20.208333333333332 20.833333333333336 21.666666666666668 21.875
4.986807387862797 21.532091097308488 20.0 20.625 21.041666666666668 21.041666666666668
7.117962466487936 20.97457627118644 20.416666666666668 21.25 21.041666666666668 22.291666666666668
6.879679144385027 25.349301397205586 20.0 21.458333333333332 22.083333333333332 23.125
7.835978835978836 20.084566596194502 21.041666666666668 20.208333333333332 20.625 21.041666666666668
7.389033942558747 17.987152034261243 21.25 20.625 20.833333333333336 20.625
7.779255319148936 21.50313152400835 19.791666666666664 20.833333333333336 22.083333333333332 22.083333333333332
4.902374670184696 23.588709677419356 19.791666666666664 20.416666666666668 20.416666666666668 20.625
4.387700534759358 23.045267489711936 21.458333333333332 20.833333333333336 22.083333333333332 22.5
5.705263157894737 22.920892494929006 19.791666666666664 20.625 20.208333333333332 20.416666666666668
5.848167539267016 12.385321100917432 21.041666666666668 21.875 21.458333333333332 23.333333333333332
6.060526315789474 10.588235294117647 21.458333333333332 20.208333333333332 21.666666666666668 22.708333333333332
7.3194805194805195 17.735042735042736 20.625 20.833333333333336 21.458333333333332 21.875
7.3978779840848805 26.510721247563353 20.208333333333332 21.041666666666668 20.833333333333336 21.875
6.181818181818182 15.384615384615385 20.833333333333336 20.416666666666668 21.458333333333332 21.666666666666668
6.329815303430079 20.876826722338205 20.0 20.833333333333336 21.25 20.416666666666668
5.234666666666667 15.158371040723981 20.833333333333336 21.041666666666668 21.458333333333332 22.708333333333332
6.792553191489362 23.88663967611336 19.791666666666664 20.625 20.416666666666668 20.625
7.354497354497354 19.574468085106382 19.791666666666664 21.041666666666668 21.875 21.25
5.7238605898123325 12.44131455399061 21.666666666666668 22.708333333333332 24.375 23.75
5.418478260869565 18.58407079646018 20.625 21.458333333333332 23.333333333333332 24.791666666666668
5.522546419098143 16.035634743875278 20.208333333333332 20.833333333333336 21.875 23.125
5.117333333333334 18.655097613882862 20.208333333333332 19.375 20.833333333333336 20.416666666666668
6.641558441558441 19.791666666666664 20.0 20.833333333333336 20.625 20.833333333333336
6.238095238095238 11.888111888111888 20.625 21.458333333333332 20.416666666666668 21.25
5.604774535809018 14.512471655328799 20.0 20.0 19.583333333333332 20.625
5.738095238095238 16.186252771618626 20.833333333333336 20.625 21.458333333333332 20.833333333333336
6.2297650130548305 18.85593220338983 20.416666666666668 21.25 21.25 21.041666666666668
5.234210526315789 20.833333333333336 20.625 20.416666666666668 20.625 21.25
7.9317585301837275 25.294117647058822 20.416666666666668 20.208333333333332 19.791666666666664 20.0
6.193211488250653 17.811158798283262 20.416666666666668 20.833333333333336 20.833333333333336 20.0
5.269333333333333 12.790697674418606 21.041666666666668 21.25 23.75 23.541666666666668
6.3733681462141 16.55773420479303 20.0 20.625 21.25 22.291666666666668
4.666666666666667 24.547283702213278 19.583333333333332 20.416666666666668 21.041666666666668 21.875
5.970976253298153 24.50199203187251 20.625 21.666666666666668 22.291666666666668 22.916666666666664
5.896551724137931 15.280898876404494 20.625 20.833333333333336 21.875 22.291666666666668
6.70026525198939 19.957537154989385 20.416666666666668 21.875 21.458333333333332 23.333333333333332
5.921875 19.327731092436977 20.416666666666668 21.041666666666668 20.0 20.833333333333336
5.695767195767195 11.475409836065573 20.208333333333332 21.666666666666668 21.458333333333332 22.708333333333332
6.336842105263158 13.636363636363635 20.208333333333332 21.458333333333332 22.083333333333332 22.916666666666664
6.123684210526315 20.668058455114824 21.041666666666668 20.625 21.666666666666668 21.458333333333332
5.437333333333333 15.54054054054054 21.25 21.458333333333332 21.041666666666668 21.458333333333332
7.026178010471204 17.136659436008678 21.041666666666668 21.041666666666668 21.666666666666668 22.708333333333332
7.718918918918919 22.268907563025213 20.416666666666668 21.041666666666668 21.041666666666668 22.5
6.9605263157894735 21.487603305785125 20.625 20.208333333333332 19.791666666666664 20.833333333333336
8.024 21.711899791231733 20.0 20.833333333333336 20.416666666666668 21.041666666666668
5.9501312335958 23.952095808383234 21.041666666666668 20.208333333333332 20.416666666666668 21.041666666666668
6.757978723404255 17.36263736263736 20.208333333333332 20.0 20.0 20.208333333333332
5.269633507853404 19.57894736842105 20.625 20.208333333333332 21.041666666666668 20.625
7.931216931216931 21.413721413721415 20.208333333333332 20.833333333333336 20.625 21.875
5.251928020565552 13.747228381374724 20.0 20.0 20.625 20.833333333333336
4.374331550802139 12.206572769953052 19.791666666666664 21.041666666666668 24.166666666666668 23.958333333333336
6.096354166666667 24.705882352941178 20.208333333333332 20.833333333333336 20.833333333333336 20.208333333333332
7.578666666666667 19.871794871794872 20.0 20.208333333333332 20.0 20.625
5.602631578947369 16.483516483516482 20.208333333333332 20.833333333333336 20.208333333333332 20.625
6.047244094488189 18.93617021276596 20.416666666666668 20.416666666666668 20.833333333333336 20.625
5.5 16.964285714285715 20.416666666666668 21.041666666666668 21.458333333333332 22.083333333333332
6.209549071618037 19.098712446351932 20.208333333333332 20.0 19.583333333333332 20.625
4.657824933687003 14.705882352941178 20.416666666666668 21.25 20.833333333333336 21.666666666666668
5.218997361477572 18.669527896995707 20.833333333333336 20.625 21.25 21.041666666666668
6.777777777777778 16.371681415929203 20.833333333333336 21.041666666666668 20.833333333333336 20.416666666666668
7.875 19.49685534591195 20.208333333333332 20.625 20.0 20.625
4.165775401069519 19.396551724137932 20.625 20.416666666666668 20.416666666666668 21.041666666666668
5.544736842105263 16.849015317286653 19.791666666666664 21.666666666666668 20.833333333333336 21.666666666666668
4.146981627296588 21.443298969072163 20.208333333333332 21.666666666666668 21.666666666666668 22.708333333333332
7.16622691292876 21.205821205821206 19.791666666666664 20.0 20.208333333333332 20.833333333333336
7.575596816976128 20.63157894736842 20.416666666666668 20.416666666666668 21.25 22.708333333333332
5.568421052631579 18.103448275862068 20.0 20.833333333333336 20.208333333333332 21.25
6.2063492063492065 19.915254237288135 20.416666666666668 20.416666666666668 20.0 21.666666666666668
5.415549597855228 23.565573770491806 20.833333333333336 21.041666666666668 21.041666666666668 21.458333333333332
6.408488063660477 21.62162162162162 20.0 20.208333333333332 20.208333333333332 20.208333333333332
5.501333333333333 12.790697674418606 21.666666666666668 22.083333333333332 22.916666666666664 22.5
6.50402144772118 21.96652719665272 20.208333333333332 20.416666666666668 19.791666666666664 20.625
4.417754569190601 21.35523613963039 20.625 19.791666666666664 20.0 20.416666666666668
6.549479166666667 18.9873417721519 20.833333333333336 20.416666666666668 21.041666666666668 21.041666666666668
5.130548302872063 14.888888888888888 21.25 21.458333333333332 20.416666666666668 21.458333333333332
6.753315649867374 18.9247311827957 20.0 19.791666666666664 20.0 21.458333333333332
7.864864864864865 21.775898520084567 19.791666666666664 20.208333333333332 20.416666666666668 20.208333333333332
7.045576407506703 18.913043478260867 20.208333333333332 20.833333333333336 20.625 22.083333333333332
6.247368421052632 19.661733615221987 20.0 21.875 21.666666666666668 21.875
5.513089005235602 13.574660633484163 20.625 20.833333333333336 20.833333333333336 21.041666666666668
5.713541666666667 15.04424778761062 21.458333333333332 21.875 21.666666666666668 23.125
5.2356020942408374 12.984054669703873 20.208333333333332 21.666666666666668 21.25 21.458333333333332
6.134020618556701 13.19910514541387 20.625 20.833333333333336 20.416666666666668 20.0
6.015831134564643 23.123732251521297 20.625 20.625 20.208333333333332 21.041666666666668
6.176470588235294 24.899598393574294 20.416666666666668 20.0 21.041666666666668 21.458333333333332
6.105263157894737 18.976545842217483 20.0 20.625 22.291666666666668 22.291666666666668
6.695767195767195 26.31578947368421 20.208333333333332 21.041666666666668 20.833333333333336 20.416666666666668
6.662234042553192 20.842105263157894 20.833333333333336 20.416666666666668 21.041666666666668 21.875
6.803191489361702 23.26530612244898 20.625 21.041666666666668 21.25 21.041666666666668
8.02116402116402 20.920502092050206 20.833333333333336 21.458333333333332 21.25 21.25
5.68010752688172 16.40449438202247 20.833333333333336 21.25 21.25 22.291666666666668
6.17312661498708 20.041322314049587 21.041666666666668 20.0 21.666666666666668 21.666666666666668
4.797900262467191 17.887931034482758 21.041666666666668 21.041666666666668 21.041666666666668 22.291666666666668
5.400530503978779 22.587268993839835 20.0 20.208333333333332 20.833333333333336 21.458333333333332
5.351851851851852 24.248496993987974 20.208333333333332 20.0 20.208333333333332 20.416666666666668
4.981627296587926 12.814645308924485 20.833333333333336 21.041666666666668 20.833333333333336 21.25
7.777777777777778 22.90836653386454 20.833333333333336 21.25 21.041666666666668 20.833333333333336
8.341269841269842 23.636363636363637 20.833333333333336 20.625 20.833333333333336 22.083333333333332
6.22972972972973 14.942528735632186 20.625 20.833333333333336 21.25 23.333333333333332
5.394255874673629 14.125560538116591 20.208333333333332 20.0 20.416666666666668 20.833333333333336
5.098404255319149 21.991701244813278 20.208333333333332 20.416666666666668 20.208333333333332 20.416666666666668
7.625994694960212 18.9247311827957 21.458333333333332 20.625 21.666666666666668 22.083333333333332
5.7924528301886795 22.058823529411764 20.625 20.625 21.041666666666668 21.041666666666668
6.925531914893617 20.675105485232066 20.625 20.625 21.458333333333332 21.041666666666668
6.2204724409448815 21.765913757700204 20.416666666666668 20.833333333333336 21.041666666666668 21.666666666666668
5.201591511936339 11.7096018735363 21.041666666666668 20.625 20.833333333333336 21.666666666666668
7.362924281984334 22.15447154471545 19.791666666666664 20.625 21.041666666666668 21.041666666666668
6.709333333333333 17.763157894736842 20.416666666666668 21.041666666666668 20.625 21.458333333333332
6.145833333333333 15.604395604395604 20.0 20.208333333333332 20.833333333333336 20.208333333333332
6.527415143603133 14.508928571428573 20.416666666666668 20.0 20.416666666666668 20.416666666666668
5.1866666666666665 19.527896995708154 19.583333333333332 20.208333333333332 20.833333333333336 21.458333333333332
6.039787798408488 20.29598308668076 20.833333333333336 20.625 20.0 21.041666666666668
6.110817941952506 23.279352226720647 20.208333333333332 21.041666666666668 21.458333333333332 20.416666666666668
4.782945736434108 16.052060737527114 20.625 21.458333333333332 21.458333333333332 22.083333333333332
5.909560723514212 13.808463251670378 20.833333333333336 20.625 21.25 21.666666666666668
5.6798941798941796 14.864864864864865 21.25 21.25 21.25 22.5
5.87335092348285 17.067833698030636 20.0 20.0 20.416666666666668 21.875
4.8903394255874675 21.836734693877553 21.041666666666668 21.875 21.458333333333332 22.916666666666664
6.039164490861618 17.987152034261243 20.625 20.416666666666668 19.583333333333332 20.0
6.461126005361931 21.638655462184875 20.0 21.041666666666668 21.25 21.458333333333332
6.694369973190349 18.5589519650655 21.25 21.458333333333332 22.083333333333332 23.125
6.015789473684211 25.343811394891947 19.791666666666664 20.416666666666668 20.833333333333336 20.625
5.593175853018373 23.18548387096774 19.583333333333332 20.833333333333336 20.0 20.833333333333336
6.963060686015831 17.248908296943235 20.0 20.208333333333332 20.416666666666668 21.25
6.984210526315789 25.04930966469428 19.791666666666664 20.416666666666668 20.833333333333336 20.625
7.477453580901857 21.62162162162162 20.208333333333332 20.208333333333332 20.416666666666668 20.625
6.541666666666667 19.832985386221296 20.208333333333332 20.416666666666668 20.625 20.416666666666668
4.852631578947369 20.668058455114824 20.833333333333336 21.458333333333332 21.041666666666668 21.041666666666668
5.111702127659575 15.124153498871332 20.416666666666668 21.25 21.875 22.291666666666668
7.0132275132275135 20.253164556962027 20.625 20.0 20.625 21.041666666666668
4.53421052631579 24.90118577075099 20.416666666666668 20.208333333333332 20.0 21.666666666666668
5.921052631578948 23.232323232323232 19.791666666666664 21.25 21.458333333333332 22.5
5.185983827493262 17.1875 21.25 21.041666666666668 21.25 21.875
5.3121693121693125 21.25 20.208333333333332 21.666666666666668 21.875 22.916666666666664
5.473821989528796 25.680933852140075 20.0 20.416666666666668 20.625 20.208333333333332
5.72 14.578587699316628 20.416666666666668 21.25 21.666666666666668 22.083333333333332
6.242666666666667 20.042643923240938 20.208333333333332 20.208333333333332 20.416666666666668 20.416666666666668
6.137931034482759 19.957537154989385 20.0 19.583333333333332 21.041666666666668 21.666666666666668
5.366754617414248 18.318965517241377 19.791666666666664 20.208333333333332 20.625 19.791666666666664
5.951871657754011 19.56989247311828 20.208333333333332 20.833333333333336 23.541666666666668 22.708333333333332
5.35 8.653846153846153 20.416666666666668 20.625 21.25 22.083333333333332
5.936 14.578587699316628 20.0 21.666666666666668 22.708333333333332 23.958333333333336
5.796296296296297 18.53448275862069 19.583333333333332 20.625 21.25 22.083333333333332
6.0476190476190474 20.084566596194502 20.208333333333332 20.625 21.458333333333332 21.458333333333332
6.423684210526316 24.302788844621514 20.833333333333336 20.416666666666668 20.625 20.0
6.71578947368421 13.439635535307518 21.041666666666668 22.291666666666668 22.708333333333332 22.708333333333332
6.336842105263158 21.487603305785125 20.416666666666668 20.416666666666668 19.791666666666664 19.791666666666664
7.301587301587301 17.46724890829694 20.0 20.625 21.25 20.625
4.78421052631579 20.168067226890756 20.625 20.833333333333336 20.416666666666668 20.833333333333336
6.7317073170731705 19.782608695652172 22.083333333333332 21.458333333333332 22.708333333333332 22.708333333333332
6.107611548556431 19.45031712473573 20.208333333333332 20.416666666666668 20.416666666666668 20.833333333333336
5.52987012987013 16.48590021691974 21.25 21.458333333333332 21.666666666666668 21.875
5.2600536193029495 13.657407407407407 20.833333333333336 21.458333333333332 21.666666666666668 22.083333333333332
5.806970509383378 18.913043478260867 20.625 20.833333333333336 22.083333333333332 23.75
6.298941798941799 22.857142857142858 20.416666666666668 19.583333333333332 19.791666666666664 20.625
7.492021276595745 21.008403361344538 20.208333333333332 20.416666666666668 20.208333333333332 20.625
3.5963060686015833 16.885964912280702 21.458333333333332 21.875 22.708333333333332 23.125
7.098930481283422 16.517857142857142 19.583333333333332 20.833333333333336 21.041666666666668 20.625
6.347480106100796 25.787401574803148 19.583333333333332 20.625 21.458333333333332 21.041666666666668
5.667539267015707 19.747899159663866 20.208333333333332 20.416666666666668 20.625 20.0
6.889473684210526 23.541247484909455 20.0 20.416666666666668 22.291666666666668 21.458333333333332
4.273209549071618 12.933025404157044 20.0 20.625 20.625 20.416666666666668
5.065274151436031 17.0995670995671 20.625 19.791666666666664 20.416666666666668 20.625
5.841688654353562 21.532091097308488 20.416666666666668 20.625 21.666666666666668 20.833333333333336
8.01063829787234 21.50313152400835 20.208333333333332 20.833333333333336 21.458333333333332 22.5
5.202702702702703 12.114014251781473 22.291666666666668 20.833333333333336 23.333333333333332 24.583333333333332
7.381333333333333 17.582417582417584 19.583333333333332 20.625 20.625 20.833333333333336
4.670184696569921 24.2 19.791666666666664 20.208333333333332 20.0 20.625
5.091145833333333 20.16632016632017 21.041666666666668 21.25 21.041666666666668 21.458333333333332
4.894459102902375 13.470319634703195 21.041666666666668 21.25 20.833333333333336 20.625
5.875968992248062 17.307692307692307 20.416666666666668 21.25 21.041666666666668 21.25
5.771052631578947 15.555555555555555 20.0 19.791666666666664 20.625 20.625
4.433070866141732 21.11801242236025 20.208333333333332 20.625 20.625 21.875
5.58994708994709 16.55629139072848 20.0 20.416666666666668 21.041666666666668 20.833333333333336
4.865951742627346 11.61137440758294 20.208333333333332 19.791666666666664 21.666666666666668 20.625
4.775725593667546 19.189765458422176 20.625 20.625 20.625 20.833333333333336
6.635170603674541 18.41541755888651 20.625 21.25 21.458333333333332 21.041666666666668
4.856396866840731 16.73913043478261 20.416666666666668 21.041666666666668 21.041666666666668 21.666666666666668
4.778067885117493 23.705179282868528 20.625 20.625 21.458333333333332 20.416666666666668
6.20997375328084 20.45929018789144 21.25 20.833333333333336 20.833333333333336 21.666666666666668
7.220159151193634 25.787401574803148 19.791666666666664 20.416666666666668 20.833333333333336 20.833333333333336
6.088235294117647 21.75732217573222 20.416666666666668 20.625 21.041666666666668 21.458333333333332
4.631578947368421 14.414414414414415 21.041666666666668 21.458333333333332 21.458333333333332 21.25
6.669312169312169 17.82608695652174 19.791666666666664 20.208333333333332 20.208333333333332 21.041666666666668
6.551724137931035 12.933025404157044 20.625 21.25 22.916666666666664 24.583333333333332
5.516971279373368 19.027484143763214 20.208333333333332 20.833333333333336 21.666666666666668 20.833333333333336
6.225721784776903 14.76510067114094 20.0 19.791666666666664 20.833333333333336 21.458333333333332
5.687664041994751 20.79002079002079 20.208333333333332 20.625 20.0 20.208333333333332
4.425196850393701 19.95798319327731 20.416666666666668 20.625 21.25 21.666666666666668
5.23936170212766 17.543859649122805 19.791666666666664 20.833333333333336 21.458333333333332 21.041666666666668
6.63421052631579 22.290388548057262 20.416666666666668 20.208333333333332 20.416666666666668 20.416666666666668
5.05420054200542 11.298076923076923 21.25 22.916666666666664 22.5 25.208333333333332
5.738219895287958 12.984054669703873 20.416666666666668 20.625 21.041666666666668 21.25
6.624020887728459 21.9959266802444 20.0 20.0 20.208333333333332 20.416666666666668
5.608465608465608 24.4 20.833333333333336 19.583333333333332 20.833333333333336 21.875
7.624020887728459 26.061776061776058 20.416666666666668 21.041666666666668 20.833333333333336 20.833333333333336
6.784574468085107 24.193548387096776 20.208333333333332 20.208333333333332 19.583333333333332 21.458333333333332
6.048517520215634 20.8955223880597 20.625 20.625 22.291666666666668 22.916666666666664
5.282321899736147 23.123732251521297 20.208333333333332 21.25 20.833333333333336 20.833333333333336
5.950261780104712 21.881390593047033 20.0 21.041666666666668 20.625 20.0
5.666666666666667 22.5609756097561 20.0 20.416666666666668 20.208333333333332 20.625
6.8111702127659575 22.950819672131146 20.416666666666668 20.833333333333336 20.833333333333336 21.25
6.193121693121693 18.53448275862069 21.25 21.875 22.083333333333332 22.291666666666668
5.281167108753316 15.280898876404494 21.041666666666668 21.041666666666668 21.25 23.958333333333336
7.8053333333333335 17.943107221006567 20.416666666666668 20.625 20.833333333333336 21.041666666666668
6.844327176781003 15.590200445434299 20.625 20.625 20.416666666666668 20.625
5.812664907651715 21.041666666666668 20.208333333333332 20.0 20.416666666666668 21.458333333333332
6.344647519582246 19.36842105263158 20.416666666666668 20.833333333333336 21.041666666666668 20.416666666666668
6.900523560209424 17.67241379310345 20.416666666666668 20.416666666666668 20.833333333333336 21.458333333333332
5.544736842105263 21.810699588477366 20.0 20.833333333333336 19.583333333333332 20.416666666666668
5.466666666666667 20.718816067653275 20.208333333333332 20.0 19.583333333333332 20.0
5.847593582887701 17.802197802197803 20.0 21.25 21.458333333333332 22.916666666666664
5.847769028871391 20.125786163522015 20.625 19.791666666666664 20.625 20.416666666666668
8.167539267015707 22.19959266802444 19.791666666666664 20.833333333333336 20.625 20.208333333333332
5.698666666666667 21.711899791231733 21.458333333333332 20.625 21.666666666666668 22.708333333333332
6.351706036745407 15.894039735099339 20.833333333333336 20.416666666666668 21.041666666666668 21.458333333333332
6.0344827586206895 24.75049900199601 20.0 20.833333333333336 20.0 20.416666666666668
7.034391534391534 17.647058823529413 20.833333333333336 21.458333333333332 20.833333333333336 22.5
6.696569920844327 19.361702127659576 20.0 20.625 20.208333333333332 21.25
6.7026315789473685 17.570498915401302 20.416666666666668 20.208333333333332 20.625 20.833333333333336
7.371727748691099 18.895966029723994 20.416666666666668 20.208333333333332 20.625 21.25
6.252631578947368 15.367483296213807 20.833333333333336 20.625 21.458333333333332 21.25
6.274193548387097 20.68230277185501 20.416666666666668 21.041666666666668 20.625 22.291666666666668
6.586206896551724 16.4079822616408 20.0 20.833333333333336 20.625 20.625
7.291777188328912 22.903885480572598 19.583333333333332 20.208333333333332 20.208333333333332 21.25
5.963730569948186 17.167381974248926 20.625 21.25 21.458333333333332 21.458333333333332
6.691891891891892 19.389978213507625 21.666666666666668 22.083333333333332 23.333333333333332 23.541666666666668
6.139896373056994 16.450216450216452 20.416666666666668 20.0 20.416666666666668 20.625
5.961139896373057 20.739219712525667 20.833333333333336 21.041666666666668 21.041666666666668 21.458333333333332
6.871727748691099 17.136659436008678 19.791666666666664 20.208333333333332 21.875 21.666666666666668
5.372031662269129 14.831460674157304 20.416666666666668 19.791666666666664 20.625 21.041666666666668
5.530666666666667 10.071942446043165 19.791666666666664 20.625 20.208333333333332 21.458333333333332
5.665782493368701 16.96035242290749 20.625 20.208333333333332 21.041666666666668 21.25
7.1005291005291005 16.371681415929203 20.208333333333332 20.416666666666668 21.041666666666668 21.875
6.091623036649215 13.963963963963963 20.625 20.208333333333332 21.25 21.875
5.218181818181818 20.618556701030926 20.0 20.416666666666668 20.416666666666668 20.208333333333332
6.200520833333333 16.157205240174672 20.208333333333332 20.833333333333336 21.666666666666668 23.125
7.021621621621621 20.43010752688172 20.416666666666668 20.833333333333336 21.875 21.666666666666668
7.6534391534391535 20.920502092050206 20.208333333333332 20.833333333333336 20.0 20.833333333333336
6.164490861618799 13.544018058690746 20.416666666666668 20.625 20.416666666666668 20.833333333333336
7.5396825396825395 16.371681415929203 20.208333333333332 20.0 20.208333333333332 20.833333333333336
5.643229166666667 20.496894409937887 20.208333333333332 20.625 20.833333333333336 20.833333333333336
5.483028720626632 16.375545851528383 20.416666666666668 19.791666666666664 20.833333333333336 20.625
6.221333333333333 21.38364779874214 20.625 20.416666666666668 20.416666666666668 21.041666666666668
5.6684350132626 19.098712446351932 20.0 20.416666666666668 20.416666666666668 21.666666666666668
5.582446808510638 19.82942430703625 19.375 20.208333333333332 20.416666666666668 21.041666666666668
6.163588390501319 20.876826722338205 20.625 20.625 20.416666666666668 21.875
5.3138297872340425 17.72428884026258 20.833333333333336 21.458333333333332 23.125 22.083333333333332
5.0186170212765955 9.178743961352657 20.416666666666668 20.833333333333336 22.916666666666664 23.333333333333332
7.490909090909091 22.535211267605636 21.458333333333332 21.25 21.458333333333332 22.708333333333332
7.305851063829787 27.692307692307693 20.416666666666668 21.041666666666668 21.041666666666668 21.458333333333332
5.390052356020942 21.074380165289256 19.791666666666664 20.208333333333332 20.0 20.416666666666668
5.888311688311688 22.379032258064516 20.416666666666668 20.0 20.416666666666668 20.0
5.124324324324324 14.746543778801843 21.458333333333332 20.416666666666668 23.75 23.75
5.96 16.481069042316257 20.833333333333336 21.666666666666668 21.875 22.083333333333332
7.039787798408488 21.78423236514523 20.625 21.041666666666668 21.875 23.125
4.726315789473684 19.831223628691983 21.041666666666668 21.041666666666668 20.208333333333332 22.291666666666668
5.848958333333333 14.666666666666666 20.208333333333332 21.041666666666668 20.833333333333336 21.666666666666668
4.503875968992248 20.858895705521473 20.416666666666668 20.833333333333336 20.625 21.25
5.185185185185185 18.004338394793926 20.208333333333332 20.625 19.791666666666664 20.0
6.5092838196286475 16.5929203539823 20.833333333333336 21.458333333333332 21.666666666666668 21.875
7.216145833333333 25.72533849129594 20.833333333333336 20.416666666666668 20.625 21.666666666666668
6.020942408376963 15.299334811529933 20.208333333333332 20.833333333333336 20.625 20.833333333333336
5.96578947368421 19.32059447983015 20.625 21.041666666666668 20.625 21.458333333333332
4.784776902887139 21.92622950819672 20.0 21.041666666666668 21.25 21.458333333333332
4.518421052631579 17.21132897603486 20.625 20.0 21.041666666666668 20.416666666666668
5.892183288409703 13.114754098360656 20.0 21.458333333333332 21.25 22.291666666666668
5.743386243386244 24.550898203592812 20.0 20.833333333333336 21.041666666666668 21.875
5.670184696569921 18.843683083511777 20.625 21.041666666666668 21.041666666666668 21.458333333333332
5.378306878306878 16.740088105726873 21.458333333333332 20.833333333333336 20.625 22.083333333333332
4.697297297297298 27.59295499021526 20.625 21.875 23.75 23.125
5.325396825396825 24.550898203592812 20.416666666666668 19.166666666666668 19.791666666666664 20.625
7.0661375661375665 20.253164556962027 20.416666666666668 21.25 21.041666666666668 21.875
7.336814621409921 21.51639344262295 20.0 20.833333333333336 20.625 20.625
5.192612137203167 16.519823788546255 20.208333333333332 21.458333333333332 22.5 22.5
6.939473684210526 23.847695390781563 20.208333333333332 20.833333333333336 20.625 22.291666666666668
6.223719676549865 21.729957805907173 19.583333333333332 20.416666666666668 20.625 21.875
5.628947368421053 21.487603305785125 19.791666666666664 20.208333333333332 20.625 21.458333333333332
6.862433862433862 19.915254237288135 21.25 19.791666666666664 21.458333333333332 21.875
7.780104712041885 25.390625 20.833333333333336 21.041666666666668 20.833333333333336 21.25
5.768 15.919282511210762 20.833333333333336 21.666666666666668 23.125 22.916666666666664
5.206896551724138 20.464135021097047 20.0 20.625 20.416666666666668 21.25
5.979002624671916 20.625 20.208333333333332 20.0 20.0 20.833333333333336
5.576719576719577 20.754716981132077 20.208333333333332 20.416666666666668 20.833333333333336 20.625
6.090425531914893 19.82942430703625 20.208333333333332 21.041666666666668 21.666666666666668 22.708333333333332
7.226315789473684 21.487603305785125 20.208333333333332 20.625 20.208333333333332 20.833333333333336
7.002645502645502 20.253164556962027 21.041666666666668 21.25 21.458333333333332 21.25
5.930851063829787 21.50313152400835 20.208333333333332 20.833333333333336 21.25 21.041666666666668
6.650793650793651 17.105263157894736 20.208333333333332 20.208333333333332 21.666666666666668 20.833333333333336
5.087071240105541 17.067833698030636 21.041666666666668 21.666666666666668 21.25 21.875
4.414507772020725 19.07756813417191 20.416666666666668 21.041666666666668 20.625 21.458333333333332
7.501333333333333 21.052631578947366 20.208333333333332 21.25 21.25 21.875
5.9136125654450264 22.828282828282827 20.625 19.791666666666664 20.208333333333332 20.208333333333332
4.013333333333334 8.536585365853659 21.458333333333332 23.958333333333336 22.916666666666664 25.416666666666664
7.060846560846561 19.05781584582441 20.0 20.416666666666668 20.416666666666668 20.0
6.043010752688172 12.264150943396226 20.416666666666668 20.416666666666668 22.291666666666668 22.916666666666664
5.861618798955614 21.836734693877553 20.625 20.208333333333332 20.0 20.833333333333336
5.671957671957672 21.25 20.416666666666668 20.208333333333332 19.791666666666664 21.041666666666668
6.473544973544974 15.246636771300448 21.041666666666668 20.208333333333332 20.625 21.875
7.177718832891247 19.098712446351932 20.208333333333332 21.875 21.666666666666668 21.041666666666668
7.851851851851852 21.90082644628099 20.625 20.0 20.208333333333332 20.416666666666668
6.405835543766578 24.448897795591183 20.0 20.833333333333336 21.458333333333332 21.25
5.365333333333333 20.718816067653275 21.25 20.833333333333336 21.875 23.75
5.25531914893617 20.0 21.041666666666668 20.833333333333336 22.291666666666668 22.916666666666664
5.905013192612137 19.189765458422176 20.0 20.833333333333336 20.416666666666668 21.25
6.310160427807487 21.09704641350211 21.041666666666668 20.833333333333336 20.625 21.041666666666668
4.680628272251309 17.67241379310345 20.625 20.833333333333336 21.25 22.291666666666668
5.1891891891891895 17.96008869179601 20.416666666666668 21.875 21.875 22.083333333333332
6.687664041994751 14.76510067114094 20.833333333333336 20.833333333333336 20.416666666666668 20.416666666666668
7.24802110817942 18.843683083511777 20.833333333333336 21.25 21.666666666666668 22.083333333333332
5.4907161803713525 24.14486921529175 21.041666666666668 20.0 20.625 20.833333333333336
5.63421052631579 20.502092050209207 20.625 20.625 20.416666666666668 21.666666666666668
7.910526315789474 24.90118577075099 20.416666666666668 21.25 20.833333333333336 22.5
6.1286089238845145 13.211845102505695 21.25 20.416666666666668 21.666666666666668 22.291666666666668
5.391534391534392 18.181818181818183 21.25 21.041666666666668 21.458333333333332 22.083333333333332
5.089238845144357 16.630196936542667 20.625 21.041666666666668 20.833333333333336 20.833333333333336
7.066844919786096 21.428571428571427 20.0 21.041666666666668 21.666666666666668 21.458333333333332
7.302872062663186 18.85593220338983 20.625 21.041666666666668 20.625 20.833333333333336
6.841145833333333 19.327731092436977 20.208333333333332 20.625 20.0 20.625
5.5310880829015545 16.810344827586206 20.625 21.041666666666668 21.458333333333332 21.458333333333332
6.713157894736842 26.21359223300971 20.0 20.208333333333332 21.25 21.458333333333332
6.429708222811671 16.777041942604857 20.0 19.791666666666664 21.25 20.208333333333332
5.73936170212766 18.614718614718615 20.208333333333332 20.833333333333336 21.041666666666668 20.416666666666668
6.867924528301887 18.101545253863137 22.5 23.75 24.375 23.333333333333332
5.563157894736842 24.302788844621514 20.208333333333332 20.833333333333336 20.833333333333336 20.208333333333332
4.909814323607427 22.587268993839835 20.0 20.0 20.0 21.25
6.830729166666667 23.50597609561753 21.458333333333332 21.666666666666668 21.041666666666668 21.25
6.822916666666667 17.062634989200866 21.25 20.625 20.833333333333336 21.666666666666668
5.905263157894737 14.414414414414415 19.791666666666664 20.0 20.208333333333332 20.625
7.096354166666667 25.868725868725868 20.208333333333332 21.041666666666668 20.625 20.208333333333332
5.353403141361256 23.904382470119522 20.0 20.625 20.833333333333336 21.041666666666668
5.483957219251337 21.09704641350211 19.791666666666664 21.25 21.875 22.083333333333332
7.411764705882353 23.983739837398375 20.833333333333336 20.625 21.875 20.833333333333336
4.510471204188482 19.747899159663866 20.208333333333332 21.041666666666668 20.625 21.041666666666668
5.795811518324608 18.895966029723994 19.791666666666664 20.625 21.041666666666668 20.833333333333336
5.544270833333333 18.471337579617835 21.041666666666668 21.041666666666668 21.666666666666668 21.458333333333332
6.002680965147453 16.926503340757236 20.416666666666668 21.25 21.875 21.666666666666668
5.603133159268929 21.9959266802444 21.041666666666668 20.208333333333332 21.25 20.833333333333336
6.901069518716578 19.396551724137932 20.416666666666668 20.208333333333332 21.875 23.75
6.098958333333333 24.705882352941178 20.625 20.833333333333336 20.833333333333336 20.833333333333336
5.981530343007916 21.369294605809127 20.625 20.625 20.208333333333332 20.208333333333332
5.708661417322834 19.789473684210527 20.625 20.0 20.208333333333332 21.041666666666668
6.469973890339426 18.51063829787234 20.833333333333336 20.625 20.416666666666668 21.875
5.3828125 21.63265306122449 20.833333333333336 20.416666666666668 20.625 20.833333333333336
6.539893617021277 19.48608137044968 21.041666666666668 20.833333333333336 21.25 22.708333333333332
6.002604166666667 19.157894736842103 20.625 20.208333333333332 21.041666666666668 20.833333333333336
5.06544502617801 18.025751072961373 20.0 20.208333333333332 20.208333333333332 20.416666666666668
5.376315789473685 15.929203539823009 19.583333333333332 20.625 20.0 21.041666666666668
6.861702127659575 17.36263736263736 19.791666666666664 20.833333333333336 21.041666666666668 22.708333333333332
5.314666666666667 18.655097613882862 20.625 20.416666666666668 21.875 21.458333333333332
5.87958115183246 21.237113402061855 20.208333333333332 19.791666666666664 21.041666666666668 21.041666666666668
7.297872340425532 18.790496760259177 20.833333333333336 20.833333333333336 23.75 23.541666666666668
6.026178010471204 15.673289183222957 20.625 21.041666666666668 21.666666666666668 22.916666666666664
5.491847826086956 19.65065502183406 20.416666666666668 21.875 22.708333333333332 22.916666666666664
8.872395833333334 25.72533849129594 21.25 20.833333333333336 21.666666666666668 21.041666666666668
6.450520833333333 15.04424778761062 20.416666666666668 21.875 21.666666666666668 21.875
5.660477453580902 18.043478260869566 20.0 20.416666666666668 20.208333333333332 20.833333333333336
4.971052631578948 22.448979591836736 20.0 20.833333333333336 20.0 21.041666666666668
5.378666666666667 19.700214132762312 20.208333333333332 21.041666666666668 21.041666666666668 22.708333333333332
4.601049868766404 12.614678899082568 21.25 20.625 20.0 20.416666666666668
6.722077922077922 13.870246085011187 20.416666666666668 20.625 21.041666666666668 21.041666666666668
5.821052631578947 20.668058455114824 20.208333333333332 20.208333333333332 21.25 21.041666666666668
6.6171875 18.816067653276956 21.25 21.666666666666668 21.25 21.25
5.586206896551724 17.142857142857142 19.375 20.0 20.416666666666668 21.041666666666668
5.745308310991957 18.5589519650655 20.625 22.083333333333332 22.291666666666668 22.916666666666664
5.137305699481865 19.91701244813278 20.416666666666668 20.416666666666668 20.625 21.041666666666668
7.347480106100796 20.964360587002094 19.791666666666664 20.208333333333332 20.208333333333332 21.041666666666668
6.015665796344647 20.041753653444676 20.625 21.666666666666668 21.25 21.458333333333332
5.904145077720207 19.91701244813278 20.833333333333336 20.208333333333332 20.208333333333332 20.416666666666668
7.43236074270557 20.63157894736842 20.416666666666668 21.041666666666668 21.25 21.458333333333332
5.6916890080428955 13.45707656612529 21.875 21.458333333333332 22.916666666666664 23.958333333333336
7.775132275132275 24.550898203592812 20.208333333333332 20.833333333333336 21.041666666666668 21.25
6.183246073298429 22.040816326530614 20.416666666666668 20.416666666666668 20.416666666666668 20.833333333333336
5.5813953488372094 15.502183406113538 20.625 20.833333333333336 20.625 21.458333333333332
6.058047493403694 18.843683083511777 19.791666666666664 20.0 20.208333333333332 20.0
5.010443864229765 12.356979405034325 20.208333333333332 20.416666666666668 21.458333333333332 21.041666666666668
7.297082228116711 23.217922606924642 20.416666666666668 21.458333333333332 21.666666666666668 22.916666666666664
7.028947368421052 17.74891774891775 20.625 20.625 20.416666666666668 20.625
6.258575197889182 19.189765458422176 20.625 20.625 21.041666666666668 21.875
5.960732984293194 24.803149606299215 20.625 20.416666666666668 21.25 21.458333333333332
8.207446808510639 21.17400419287212 20.208333333333332 20.833333333333336 21.041666666666668 22.291666666666668
5.894736842105263 15.555555555555555 20.416666666666668 20.625 20.625 21.041666666666668
7.12532637075718 19.027484143763214 20.416666666666668 21.041666666666668 21.458333333333332 20.833333333333336
7.602666666666667 22.36024844720497 19.375 20.0 20.0 20.625
6.989528795811518 24.356435643564357 20.208333333333332 20.833333333333336 20.208333333333332 20.416666666666668
8.113157894736842 21.810699588477366 21.041666666666668 20.833333333333336 20.833333333333336 20.625
6.8545454545454545 19.624217118997915 20.625 20.0 20.625 21.25
6.816976127320955 16.96035242290749 20.416666666666668 20.416666666666668 21.25 21.25
6.503916449086162 26.204238921001927 20.0 20.416666666666668 20.833333333333336 20.625
5.495956873315364 25.201612903225808 21.25 20.416666666666668 21.875 25.0
5.044736842105263 20.502092050209207 20.208333333333332 21.666666666666668 21.666666666666668 21.875
4.9 19.661733615221987 20.0 20.208333333333332 20.833333333333336 21.666666666666668
6.480314960629921 22.085889570552148 20.416666666666668 20.625 20.833333333333336 21.458333333333332
6.080310880829016 16.268980477223426 20.833333333333336 20.208333333333332 20.833333333333336 20.416666666666668
4.9317585301837275 11.600928074245939 20.625 21.458333333333332 22.708333333333332 23.125
5.611548556430447 22.085889570552148 21.041666666666668 21.666666666666668 20.833333333333336 23.125
5.029100529100529 18.004338394793926 20.416666666666668 20.833333333333336 21.041666666666668 20.833333333333336
6.758713136729223 18.021978021978022 20.0 21.458333333333332 21.875 21.875
5.494818652849741 20.412371134020617 19.791666666666664 20.833333333333336 21.041666666666668 22.083333333333332
5.48936170212766 17.903930131004365 19.791666666666664 20.416666666666668 20.625 21.25
5.073107049608355 15.45253863134658 20.625 20.208333333333332 21.25 21.041666666666668
7.536 23.46938775510204 20.833333333333336 21.458333333333332 21.875 23.333333333333332
8.405835543766578 21.29436325678497 20.208333333333332 20.625 20.208333333333332 20.208333333333332
7.274869109947644 22.983870967741936 20.208333333333332 20.833333333333336 20.208333333333332 20.416666666666668
6.5809018567639255 15.090090090090092 20.625 20.625 22.708333333333332 23.75
5.469333333333333 17.763157894736842 20.833333333333336 20.833333333333336 20.833333333333336 21.041666666666668
5.097625329815304 24.652087475149106 21.041666666666668 20.208333333333332 21.875 23.125
7.406332453825858 25.09881422924901 20.208333333333332 20.416666666666668 20.625 20.416666666666668
4.126984126984127 13.895216400911162 21.25 22.083333333333332 21.25 22.708333333333332
4.901856763925729 19.957537154989385 20.625 21.041666666666668 21.25 20.833333333333336
6.802666666666667 19.35483870967742 20.0 19.791666666666664 19.583333333333332 20.833333333333336
7.473118279569892 18.954248366013072 20.208333333333332 20.416666666666668 21.041666666666668 20.625
5.1961852861035425 11.566265060240964 21.458333333333332 22.083333333333332 22.5 25.208333333333332
4.648936170212766 22.950819672131146 20.208333333333332 20.625 20.625 20.416666666666668
5.676240208877284 17.811158798283262 20.0 20.0 21.041666666666668 21.458333333333332
3.6840731070496084 15.45253863134658 20.0 21.25 20.833333333333336 21.458333333333332
7.036842105263158 20.335429769392032 20.625 19.791666666666664 20.416666666666668 21.25
6.0890052356020945 21.881390593047033 20.416666666666668 20.416666666666668 20.833333333333336 21.25
5.5 21.074380165289256 20.833333333333336 21.458333333333332 22.083333333333332 21.458333333333332
5.078125 14.855875831485587 21.25 21.458333333333332 21.875 22.916666666666664
7.607427055702917 16.4079822616408 20.625 21.041666666666668 21.041666666666668 21.458333333333332
5.695652173913044 15.59633027522936 20.416666666666668 20.625 23.75 24.166666666666668
5.274406332453826 16.885964912280702 20.416666666666668 20.833333333333336 22.083333333333332 21.458333333333332
6.346354166666667 22.424242424242426 21.458333333333332 20.416666666666668 21.458333333333332 22.291666666666668
5.665782493368701 16.777041942604857 20.833333333333336 20.625 20.833333333333336 20.625
5.069333333333334 9.63855421686747 20.833333333333336 21.25 21.666666666666668 22.291666666666668
5.91005291005291 16.371681415929203 20.208333333333332 20.208333333333332 20.416666666666668 20.416666666666668
4.662303664921466 25.244618395303327 20.208333333333332 20.208333333333332 20.833333333333336 21.041666666666668
5.781002638522428 22.494887525562373 20.416666666666668 19.583333333333332 19.791666666666664 20.625
7.10079575596817 15.090090090090092 20.208333333333332 19.791666666666664 21.25 21.041666666666668
7.021108179419525 20.042194092827003 20.833333333333336 21.041666666666668 20.833333333333336 21.25
6.783641160949868 27.39463601532567 20.0 20.625 21.041666666666668 20.416666666666668
7.269633507853404 16.411378555798688 20.833333333333336 20.0 22.916666666666664 21.25
4.197831978319783 7.052896725440807 22.083333333333332 21.458333333333332 22.916666666666664 24.583333333333332
7.578666666666667 20.212765957446805 21.041666666666668 21.25 22.291666666666668 24.166666666666668
6.654353562005277 29.684601113172544 20.208333333333332 20.416666666666668 20.416666666666668 21.041666666666668
6.695538057742782 13.211845102505695 20.416666666666668 20.416666666666668 20.208333333333332 19.791666666666664
5.252631578947368 16.849015317286653 20.208333333333332 20.833333333333336 21.041666666666668 20.625
5.35978835978836 24.248496993987974 20.208333333333332 21.25 21.666666666666668 21.875
6.141732283464567 23.799999999999997 19.791666666666664 20.833333333333336 21.041666666666668 20.833333333333336
5.689008042895442 18.021978021978022 21.25 21.458333333333332 22.291666666666668 22.708333333333332
6.212201591511937 21.62162162162162 19.791666666666664 20.0 20.0 20.208333333333332
5.704787234042553 17.903930131004365 19.791666666666664 19.583333333333332 20.625 20.625
5.757894736842105 18.803418803418804 20.625 20.416666666666668 20.833333333333336 21.041666666666668
5.348404255319149 22.474226804123713 20.208333333333332 20.208333333333332 20.0 20.625
6.132467532467532 24.509803921568626 20.625 21.458333333333332 21.25 22.083333333333332
7.224867724867725 19.745222929936308 20.208333333333332 20.208333333333332 21.875 21.25
6.800531914893617 20.169851380042463 20.416666666666668 21.458333333333332 21.25 21.666666666666668
6.1037234042553195 13.761467889908257 20.416666666666668 20.833333333333336 20.833333333333336 21.458333333333332
5.576315789473684 16.483516483516482 20.208333333333332 20.833333333333336 20.625 21.041666666666668
6.696 18.83116883116883 20.833333333333336 20.208333333333332 21.25 20.416666666666668
5.486910994764398 14.92204899777283 20.208333333333332 20.833333333333336 20.416666666666668 21.875
5.913978494623656 24.390243902439025 20.416666666666668 21.458333333333332 21.041666666666668 23.333333333333332
7.522546419098143 26.3671875 19.791666666666664 20.0 20.208333333333332 21.875
5.523936170212766 23.88663967611336 20.416666666666668 20.416666666666668 20.625 20.833333333333336
5.477333333333333 19.35483870967742 20.208333333333332 20.625 20.625 21.875
6.7368421052631575 21.487603305785125 19.583333333333332 20.416666666666668 20.416666666666668 20.625
3.8372703412073492 22.085889570552148 20.416666666666668 20.0 21.041666666666668 20.625
6.4447368421052635 19.491525423728813 20.208333333333332 20.833333333333336 20.625 20.833333333333336
7.065274151436031 16.55773420479303 20.416666666666668 20.625 20.416666666666668 20.416666666666668
6.369791666666667 23.809523809523807 20.833333333333336 20.833333333333336 21.041666666666668 21.458333333333332
5.989445910290238 20.210526315789473 21.666666666666668 22.083333333333332 21.458333333333332 21.875
5.765789473684211 19.831223628691983 20.208333333333332 20.833333333333336 20.0 20.833333333333336
6.4186046511627906 16.95278969957082 20.208333333333332 21.041666666666668 21.666666666666668 21.041666666666668
6.149606299212598 16.812227074235807 20.0 20.208333333333332 20.208333333333332 20.625
5.5013054830287205 17.634408602150536 20.416666666666668 20.833333333333336 21.041666666666668 21.041666666666668
5.077127659574468 24.9500998003992 20.625 20.208333333333332 21.041666666666668 20.833333333333336
5.4526315789473685 22.131147540983605 21.458333333333332 21.041666666666668 21.25 22.083333333333332
5.574074074074074 14.672686230248308 20.625 20.416666666666668 20.416666666666668 21.25
5.806788511749347 20.041753653444676 20.208333333333332 20.416666666666668 19.791666666666664 20.625
6.34025974025974 17.381974248927037 21.25 21.041666666666668 21.458333333333332 22.083333333333332
5.449086161879896 22.782258064516128 19.791666666666664 20.833333333333336 21.041666666666668 21.041666666666668
7.020618556701031 18.143459915611814 20.0 20.416666666666668 20.416666666666668 21.458333333333332
3.6097560975609757 14.385150812064964 20.416666666666668 21.875 22.291666666666668 23.541666666666668
7.005235602094241 19.747899159663866 21.041666666666668 21.041666666666668 21.041666666666668 22.291666666666668
5.01058201058201 12.296983758700696 21.25 22.291666666666668 23.333333333333332 23.125
4.042440318302387 24.6 20.208333333333332 20.0 20.416666666666668 20.833333333333336
5.164921465968586 15.859030837004406 20.416666666666668 20.833333333333336 21.041666666666668 20.833333333333336
7.632978723404255 21.991701244813278 21.041666666666668 21.458333333333332 21.458333333333332 21.458333333333332
7.509234828496043 22.176591375770023 20.0 20.208333333333332 20.416666666666668 20.416666666666668
5.1066666666666665 22.03742203742204 20.0 20.625 20.416666666666668 21.25
4.724867724867725 18.88412017167382 20.833333333333336 21.458333333333332 21.666666666666668 21.666666666666668
5.002710027100271 20.12987012987013 21.666666666666668 22.083333333333332 22.916666666666664 22.083333333333332
7.312335958005249 19.10828025477707 20.416666666666668 21.041666666666668 20.833333333333336 21.458333333333332
5.931578947368421 19.831223628691983 20.0 20.0 20.0 20.208333333333332
6.0 17.72428884026258 21.666666666666668 21.666666666666668 22.5 23.125
8.270341207349082 23.18548387096774 20.625 20.625 21.25 21.458333333333332
5.358638743455497 20.582120582120584 19.791666666666664 20.208333333333332 20.208333333333332 21.041666666666668
5.928759894459103 18.142548596112313 20.0 20.0 20.208333333333332 20.416666666666668
6.316489361702128 20.842105263157894 19.791666666666664 20.416666666666668 20.208333333333332 20.833333333333336
6.078947368421052 23.694779116465863 20.208333333333332 20.625 20.208333333333332 20.208333333333332
6.5 19.915254237288135 19.583333333333332 20.416666666666668 20.416666666666668 21.041666666666668
5.939473684210526 13.636363636363635 20.625 20.416666666666668 20.833333333333336 21.875
5.782152230971128 17.887931034482758 20.625 20.625 20.0 20.625
6.279683377308707 11.86046511627907 20.416666666666668 20.416666666666668 21.875 21.25
4.9057591623036645 15.673289183222957 20.208333333333332 21.041666666666668 20.833333333333336 21.25
5.5132275132275135 21.25 20.416666666666668 20.416666666666668 20.625 21.666666666666668
5.76595744680851 17.903930131004365 20.0 20.833333333333336 21.875 21.041666666666668
6.653543307086614 24.85207100591716 20.416666666666668 20.416666666666668 20.208333333333332 20.625
6.4177897574123985 19.696969696969695 20.833333333333336 21.458333333333332 22.083333333333332 24.166666666666668
4.710182767624021 19.874476987447697 19.791666666666664 20.416666666666668 20.833333333333336 21.041666666666668
5.228947368421053 18.976545842217483 20.208333333333332 20.833333333333336 20.416666666666668 20.416666666666668
7.718832891246684 20.63157894736842 20.625 21.666666666666668 20.833333333333336 21.666666666666668
5.568421052631579 19.148936170212767 20.625 21.25 21.25 20.833333333333336
5.193211488250653 21.35523613963039 20.208333333333332 20.833333333333336 21.25 20.833333333333336
7.4171122994652405 19.914346895074946 20.416666666666668 21.041666666666668 21.458333333333332 23.125
5.9921259842519685 27.011494252873565 20.416666666666668 20.625 21.875 22.291666666666668
4.514360313315927 18.683651804670912 21.25 21.25 21.041666666666668 21.875
5.3432432432432435 20.086393088552914 20.625 20.833333333333336 21.25 20.833333333333336
4.862796833773087 26.692456479690524 20.416666666666668 21.25 21.25 21.25
6.187335092348285 20.042194092827003 20.416666666666668 20.0 20.416666666666668 21.041666666666668
5.110526315789474 19.661733615221987 20.0 20.416666666666668 20.416666666666668 20.833333333333336
5.915119363395226 25.198412698412696 20.416666666666668 20.625 21.041666666666668 21.25
6.5483028720626635 24.00793650793651 20.833333333333336 20.208333333333332 20.0 21.041666666666668
6.3052631578947365 24.151696606786427 20.208333333333332 20.833333333333336 20.625 20.208333333333332
7.040106951871658 18.161925601750546 20.208333333333332 20.416666666666668 20.0 22.083333333333332
6.278947368421052 20.335429769392032 20.0 20.416666666666668 22.083333333333332 21.458333333333332
5.140625 20.16632016632017 20.625 20.208333333333332 21.25 21.458333333333332
5.126315789473685 16.849015317286653 21.25 20.625 21.875 22.291666666666668
6.854881266490765 16.885964912280702 20.208333333333332 20.208333333333332 21.458333333333332 20.625
4.922077922077922 21.58859470468432 20.208333333333332 20.625 20.208333333333332 20.625
6.924479166666667 21.63265306122449 20.833333333333336 20.416666666666668 21.458333333333332 20.416666666666668
5.790575916230367 19.40928270042194 20.416666666666668 20.833333333333336 20.208333333333332 20.625
5.5828877005347595 19.742489270386265 19.791666666666664 19.583333333333332 20.833333333333336 21.666666666666668
5.604774535809018 11.502347417840376 20.416666666666668 19.583333333333332 19.791666666666664 20.833333333333336
6.1037234042553195 16.071428571428573 21.458333333333332 21.875 24.166666666666668 24.583333333333332
6.878627968337731 21.205821205821206 20.416666666666668 19.583333333333332 20.416666666666668 19.791666666666664
4.894459102902375 14.25339366515837 20.625 21.25 21.875 21.875
6.093994778067885 20.867768595041323 20.208333333333332 20.416666666666668 21.041666666666668 20.208333333333332
6.989159891598916 13.380281690140844 20.208333333333332 21.666666666666668 22.5 22.083333333333332
5.678010471204188 22.672064777327936 20.208333333333332 21.041666666666668 20.625 21.875
5.902887139107611 14.955357142857142 20.416666666666668 20.625 20.208333333333332 20.208333333333332
6.778645833333333 20.16632016632017 21.041666666666668 20.625 21.041666666666668 21.25
7.611111111111111 24.701195219123505 20.833333333333336 21.25 21.666666666666668 22.083333333333332
7.23015873015873 20.084566596194502 20.0 21.25 21.458333333333332 21.458333333333332
5.325333333333333 27.042801556420233 20.416666666666668 20.625 20.208333333333332 21.041666666666668
6.885026737967914 21.09704641350211 20.625 22.083333333333332 21.875 24.375
5.28421052631579 14.988814317673377 20.625 21.25 21.041666666666668 21.875
5.856763925729443 21.78423236514523 20.416666666666668 20.625 20.833333333333336 21.041666666666668
6.687664041994751 18.93617021276596 21.25 20.625 20.208333333333332 20.833333333333336
6.0546875 24.853228962818 20.625 21.041666666666668 20.833333333333336 21.25
6.4787234042553195 18.614718614718615 20.208333333333332 20.625 20.208333333333332 20.625
5.2841823056300266 18.736383442265794 20.208333333333332 21.041666666666668 21.041666666666668 22.916666666666664
5.6997319034852545 19.78494623655914 20.625 20.833333333333336 21.25 22.708333333333332
6.462765957446808 18.790496760259177 20.0 21.875 20.625 22.291666666666668
5.361702127659575 16.444444444444446 21.041666666666668 20.625 20.833333333333336 22.708333333333332
3.901808785529716 14.757709251101323 20.625 21.25 22.291666666666668 22.5
5.918421052631579 19.661733615221987 19.375 20.625 20.208333333333332 21.25
4.798955613577023 27.46212121212121 20.0 20.625 21.041666666666668 21.458333333333332
4.955497382198953 21.721311475409834 19.583333333333332 20.833333333333336 20.416666666666668 21.041666666666668
6.005333333333334 14.965986394557824 20.416666666666668 20.208333333333332 21.041666666666668 21.458333333333332
5.931578947368421 16.114790286975715 20.416666666666668 20.0 19.791666666666664 20.833333333333336
6.685185185185185 20.588235294117645 20.208333333333332 21.041666666666668 21.041666666666668 21.25
7.0519480519480515 24.65753424657534 20.625 20.833333333333336 21.041666666666668 21.458333333333332
5.646437994722955 15.022421524663676 20.416666666666668 19.791666666666664 20.0 20.416666666666668
5.51063829787234 21.338912133891213 20.625 19.583333333333332 20.625 21.25
6.517241379310345 18.043478260869566 20.0 20.833333333333336 20.208333333333332 21.458333333333332
5.945169712793733 16.192560175054705 19.791666666666664 20.625 21.25 20.416666666666668
5.745358090185676 19.957537154989385 20.208333333333332 20.625 21.041666666666668 21.25
6.523684210526316 24.6031746031746 19.791666666666664 20.833333333333336 20.416666666666668 21.041666666666668
6.733333333333333 22.199170124481327 20.416666666666668 21.458333333333332 20.833333333333336 21.875
5.0186170212765955 20.842105263157894 20.208333333333332 20.208333333333332 20.0 20.208333333333332
5.338666666666667 21.711899791231733 19.791666666666664 20.833333333333336 20.625 21.875
6.698924731182796 22.5 19.583333333333332 20.625 20.0 21.666666666666668
5.42257217847769 20.79002079002079 20.208333333333332 20.416666666666668 19.791666666666664 20.208333333333332
4.675461741424802 20.210526315789473 20.0 20.625 20.833333333333336 21.458333333333332
5.857142857142857 15.812917594654788 20.625 21.25 23.333333333333332 22.916666666666664
